bonus|defPlayer1|defPlayersOnCourt|defTeam|gameEvent|gameId|gameType|isCharge|isPutback|neutralFloor|offPlayer1|offPlayer2|offPlayersOnCourt|offTeam|segment|shotType|shotValue|team0|team1|turnoverType|valueToAdd|violationType|x|y
||1629134,2730,1629635,203145,1628370|1610612747|STARTING_LINEUP|1|time|||false|||1630168,1628989,203991,203992,101150|1610612737||||1610612737|1610612747|||||
||1629134,2730,1629635,203145,1628370|1610612747|GAME_START|1|time|||false|||1630168,1628989,203991,203992,101150|1610612737||||1610612737|1610612747|||||
||1629134,2730,1629635,203145,1628370|1610612747|SEGMENT_START|1|time|||false|||1630168,1628989,203991,203992,101150|1610612737|4|||1610612737|1610612747|||||
|203991|1630168,1628989,203991,203992,101150|1610612737|JUMP_BALL|1|time|||false|2730||1629134,2730,1629635,203145,1628370|1610612747||||1610612737|1610612747|||||
|203991|1630168,1628989,203991,203992,101150|1610612737|STEAL|1|time|||false|1629134||1629134,2730,1629635,203145,1628370|1610612747||||1610612737|1610612747|BAD_PASS|1|||
||1629134,2730,1629635,203145,1628370|1610612747|2FG_ATTEMPT|1|time||false|false|101150||1630168,1628989,203991,203992,101150|1610612737||SHORT_MID_RANGE|2|1610612737|1610612747||||-8|75
||1629134,2730,1629635,203145,1628370|1610612747|2FG_MADE|1|time||false|false|101150||1630168,1628989,203991,203992,101150|1610612737||SHORT_MID_RANGE|2|1610612737|1610612747||2||-8|75
||1630168,1628989,203991,203992,101150|1610612737|2FG_ATTEMPT|1|time||false|false|1628370||1629134,2730,1629635,203145,1628370|1610612747||SHORT_MID_RANGE|2|1610612737|1610612747||||-9|24
||1630168,1628989,203991,203992,101150|1610612737|2FG_MISS|1|time|||false|1628370||1629134,2730,1629635,203145,1628370|1610612747||SHORT_MID_RANGE|2|1610612737|1610612747||||-9|24
|1628989|1630168,1628989,203991,203992,101150|1610612737|2FG_BLOCK|1|time|||false|1628370||1629134,2730,1629635,203145,1628370|1610612747|||2|1610612737|1610612747||1|||
||1630168,1628989,203991,203992,101150|1610612737|OFFENSIVE_REBOUND|1|time|||false|||1629134,2730,1629635,203145,1628370|1610612747||||1610612737|1610612747||1|||
||1630168,1628989,203991,203992,101150|1610612737|2FG_ATTEMPT|1|time||false|false|1629134||1629134,2730,1629635,203145,1628370|1610612747||LONG_MID_RANGE|2|1610612737|1610612747||||117|180
||1630168,1628989,203991,203992,101150|1610612737|2FG_MISS|1|time|||false|1629134||1629134,2730,1629635,203145,1628370|1610612747||LONG_MID_RANGE|2|1610612737|1610612747||||117|180
||1630168,1628989,203991,203992,101150|1610612737|OFFENSIVE_REBOUND|1|time|||false|||1629134,2730,1629635,203145,1628370|1610612747||||1610612737|1610612747||1|||
||1630168,1628989,203991,203992,101150|1610612737|TURNOVER|1|time|||false|1628370||1629134,2730,1629635,203145,1628370|1610612747||||1610612737|1610612747|BAD_PASS|1|||
||1629134,2730,1629635,203145,1628370|1610612747|TURNOVER|1|time|||false|203991||1630168,1628989,203991,203992,101150|1610612737||||1610612737|1610612747|LOST_BALL|1|||
||1630168,1628989,203991,203992,101150|1610612737|2FG_ATTEMPT|1|time||false|false|203145||1629134,2730,1629635,203145,1628370|1610612747||LONG_MID_RANGE|2|1610612737|1610612747||||-90|62
||1630168,1628989,203991,203992,101150|1610612737|2FG_MISS|1|time|||false|203145||1629134,2730,1629635,203145,1628370|1610612747||LONG_MID_RANGE|2|1610612737|1610612747||||-90|62
||1630168,1628989,203991,203992,101150|1610612737|OFFENSIVE_REBOUND|1|time|||false|||1629134,2730,1629635,203145,1628370|1610612747||||1610612737|1610612747||1|||
||1630168,1628989,203991,203992,101150|1610612737|3FG_ATTEMPT|1|time||false|false|2730||1629134,2730,1629635,203145,1628370|1610612747||ARC_3|3|1610612737|1610612747||||150|164
||1630168,1628989,203991,203992,101150|1610612737|3FG_MADE|1|time||false|false|2730|1628370|1629134,2730,1629635,203145,1628370|1610612747||ARC_3|3|1610612737|1610612747||3||150|164
||1629134,2730,1629635,203145,1628370|1610612747|3FG_ATTEMPT|1|time||false|false|101150||1630168,1628989,203991,203992,101150|1610612737||CORNER_3|3|1610612737|1610612747||||230|23
||1629134,2730,1629635,203145,1628370|1610612747|3FG_MADE|1|time||false|false|101150|1628989|1630168,1628989,203991,203992,101150|1610612737||CORNER_3|3|1610612737|1610612747||3||230|23
||1630168,1628989,203991,203992,101150|1610612737|2FG_ATTEMPT|1|time||false|false|1629134||1629134,2730,1629635,203145,1628370|1610612747||LONG_MID_RANGE|2|1610612737|1610612747||||-69|189
||1630168,1628989,203991,203992,101150|1610612737|2FG_MISS|1|time|||false|1629134||1629134,2730,1629635,203145,1628370|1610612747||LONG_MID_RANGE|2|1610612737|1610612747||||-69|189
||1630168,1628989,203991,203992,101150|1610612737|OFFENSIVE_REBOUND|1|time|||false|||1629134,2730,1629635,203145,1628370|1610612747||||1610612737|1610612747||1|||
||1630168,1628989,203991,203992,101150|1610612737|3FG_ATTEMPT|1|time||false|false|1629134||1629134,2730,1629635,203145,1628370|1610612747||ARC_3|3|1610612737|1610612747||||117|239
||1630168,1628989,203991,203992,101150|1610612737|3FG_MISS|1|time|||false|1629134||1629134,2730,1629635,203145,1628370|1610612747||ARC_3|3|1610612737|1610612747||||117|239
||1630168,1628989,203991,203992,101150|1610612737|OFFENSIVE_REBOUND|1|time|||false|||1629134,2730,1629635,203145,1628370|1610612747||||1610612737|1610612747||1|||
|1630168|1630168,1628989,203991,203992,101150|1610612737|NON_SHOOTING_DEFENSIVE_FOUL|1|time|||false|1628370||1629134,2730,1629635,203145,1628370|1610612747|0|||1610612737|1610612747|||||
||1630168,1628989,203991,203992,101150|1610612737|3FG_ATTEMPT|1|time||false|false|2730||1629134,2730,1629635,203145,1628370|1610612747||ARC_3|3|1610612737|1610612747||||-6|289
||1630168,1628989,203991,203992,101150|1610612737|3FG_MISS|1|time|||false|2730||1629134,2730,1629635,203145,1628370|1610612747||ARC_3|3|1610612737|1610612747||||-6|289
||1630168,1628989,203991,203992,101150|1610612737|OFFENSIVE_REBOUND|1|time|||false|||1629134,2730,1629635,203145,1628370|1610612747||||1610612737|1610612747||1|||
||1630168,1628989,203991,203992,101150|1610612737|3FG_ATTEMPT|1|time||false|false|1629134||1629134,2730,1629635,203145,1628370|1610612747||ARC_3|3|1610612737|1610612747||||-201|237
||1630168,1628989,203991,203992,101150|1610612737|3FG_MADE|1|time||false|false|1629134|203145|1629134,2730,1629635,203145,1628370|1610612747||ARC_3|3|1610612737|1610612747||3||-201|237
||1629134,2730,1629635,203145,1628370|1610612747|2FG_ATTEMPT|1|time||false|false|1628989||1630168,1628989,203991,203992,101150|1610612737||LONG_MID_RANGE|2|1610612737|1610612747||||175|138
||1629134,2730,1629635,203145,1628370|1610612747|2FG_MISS|1|time|||false|1628989||1630168,1628989,203991,203992,101150|1610612737||LONG_MID_RANGE|2|1610612737|1610612747||||175|138
||1629134,2730,1629635,203145,1628370|1610612747|OFFENSIVE_REBOUND|1|time|||false|||1630168,1628989,203991,203992,101150|1610612737||||1610612737|1610612747||1|||
||1629134,2730,1629635,203145,1628370|1610612747|2FG_ATTEMPT|1|time||false|false|1630168||1630168,1628989,203991,203992,101150|1610612737||AT_RIM|2|1610612737|1610612747||||-11|-1
||1629134,2730,1629635,203145,1628370|1610612747|2FG_MADE|1|time||false|false|1630168||1630168,1628989,203991,203992,101150|1610612737||AT_RIM|2|1610612737|1610612747||2||-11|-1
||1630168,1628989,203991,203992,101150|1610612737|2FG_ATTEMPT|1|time||false|false|1629134||1629134,2730,1629635,203145,1628370|1610612747||LONG_MID_RANGE|2|1610612737|1610612747||||-12|142
||1630168,1628989,203991,203992,101150|1610612737|2FG_MISS|1|time|||false|1629134||1629134,2730,1629635,203145,1628370|1610612747||LONG_MID_RANGE|2|1610612737|1610612747||||-12|142
|203992|1630168,1628989,203991,203992,101150|1610612737|DEFENSIVE_REBOUND|1|time|||false|||1629134,2730,1629635,203145,1628370|1610612747||||1610612737|1610612747||1|||
||1629134,2730,1629635,203145,1628370|1610612747|3FG_ATTEMPT|1|time||false|false|101150||1630168,1628989,203991,203992,101150|1610612737||CORNER_3|3|1610612737|1610612747||||232|31
||1629134,2730,1629635,203145,1628370|1610612747|3FG_MISS|1|time|||false|101150||1630168,1628989,203991,203992,101150|1610612737||CORNER_3|3|1610612737|1610612747||||232|31
||1629134,2730,1629635,203145,1628370|1610612747|DEFENSIVE_REBOUND|1|time|||false|||1630168,1628989,203991,203992,101150|1610612737||||1610612737|1610612747||1|||
||1630168,1628989,203991,203992,101150|1610612737|2FG_ATTEMPT|1|time||false|false|203145||1629134,2730,1629635,203145,1628370|1610612747||AT_RIM|2|1610612737|1610612747||||2|-2
||1630168,1628989,203991,203992,101150|1610612737|2FG_MADE|1|time||false|false|203145||1629134,2730,1629635,203145,1628370|1610612747||AT_RIM|2|1610612737|1610612747||2||2|-2
||1629134,2730,1629635,203145,1628370|1610612747|TURNOVER|1|time|||false|1630168||1630168,1628989,203991,203992,101150|1610612737||||1610612737|1610612747|STEP_OUT_OF_BOUNDS|1|||
|101150|1630168,1628989,203991,203992,101150|1610612737|NON_SHOOTING_DEFENSIVE_FOUL|1|time|||false|1628370||1629134,2730,1629635,203145,1628370|1610612747|0|||1610612737|1610612747|||||
||1630168,1628989,203991,203992,101150|1610612737|2FG_ATTEMPT|1|time||false|false|203145||1629134,2730,1629635,203145,1628370|1610612747||AT_RIM|2|1610612737|1610612747||||-5|6
||1630168,1628989,203991,203992,101150|1610612737|2FG_MADE|1|time||false|false|203145|1629635|1629134,2730,1629635,203145,1628370|1610612747||AT_RIM|2|1610612737|1610612747||2||-5|6
||1629134,2730,1629635,203145,1628370|1610612747|2FG_ATTEMPT|1|time||false|false|203991||1630168,1628989,203991,203992,101150|1610612737||SHORT_MID_RANGE|2|1610612737|1610612747||||-19|76
||1629134,2730,1629635,203145,1628370|1610612747|2FG_MISS|1|time|||false|203991||1630168,1628989,203991,203992,101150|1610612737||SHORT_MID_RANGE|2|1610612737|1610612747||||-19|76
||1629134,2730,1629635,203145,1628370|1610612747|OFFENSIVE_REBOUND|1|time|||false|||1630168,1628989,203991,203992,101150|1610612737||||1610612737|1610612747||1|||
||1629134,2730,1629635,203145,1628370|1610612747|3FG_ATTEMPT|1|time||false|false|101150||1630168,1628989,203991,203992,101150|1610612737||ARC_3|3|1610612737|1610612747||||-84|126
||1629134,2730,1629635,203145,1628370|1610612747|3FG_MISS|1|time|||false|101150||1630168,1628989,203991,203992,101150|1610612737||ARC_3|3|1610612737|1610612747||||-84|126
||1629134,2730,1629635,203145,1628370|1610612747|DEFENSIVE_REBOUND|1|time|||false|||1630168,1628989,203991,203992,101150|1610612737||||1610612737|1610612747||1|||
||1630168,1628989,203991,203992,101150|1610612737|3FG_ATTEMPT|1|time||false|false|1629635||1629134,2730,1629635,203145,1628370|1610612747||CORNER_3|3|1610612737|1610612747||||-228|-1
||1630168,1628989,203991,203992,101150|1610612737|3FG_MISS|1|time|||false|1629635||1629134,2730,1629635,203145,1628370|1610612747||CORNER_3|3|1610612737|1610612747||||-228|-1
|203992|1630168,1628989,203991,203992,101150|1610612737|DEFENSIVE_REBOUND|1|time|||false|||1629134,2730,1629635,203145,1628370|1610612747||||1610612737|1610612747||1|||
||1629134,2730,1629635,203145,1628370|1610612747|2FG_ATTEMPT|1|time||false|false|1628989||1630168,1628989,203991,203992,101150|1610612737||AT_RIM|2|1610612737|1610612747||||22|29
||1629134,2730,1629635,203145,1628370|1610612747|2FG_MADE|1|time||false|false|1628989|203992|1630168,1628989,203991,203992,101150|1610612737||AT_RIM|2|1610612737|1610612747||2||22|29
||1630168,1628989,203991,203992,101150|1610612737|2FG_ATTEMPT|1|time||true|false|2730||1629134,2730,1629635,203145,1628370|1610612747||AT_RIM|2|1610612737|1610612747||||32|16
||1630168,1628989,203991,203992,101150|1610612737|2FG_MADE|1|time||true|false|2730||1629134,2730,1629635,203145,1628370|1610612747||AT_RIM|2|1610612737|1610612747||2||32|16
||1629134,2730,1629635,203145,1628370|1610612747|3FG_ATTEMPT|1|time||false|false|1630168||1630168,1628989,203991,203992,101150|1610612737||ARC_3|3|1610612737|1610612747||||184|152
||1629134,2730,1629635,203145,1628370|1610612747|3FG_MISS|1|time|||false|1630168||1630168,1628989,203991,203992,101150|1610612737||ARC_3|3|1610612737|1610612747||||184|152
||1629134,2730,1629635,203145,1628370|1610612747|OFFENSIVE_REBOUND|1|time|||false|||1630168,1628989,203991,203992,101150|1610612737||||1610612737|1610612747||1|||
||1629134,2730,1629635,203145,1628370|1610612747|2FG_ATTEMPT|1|time||false|false|1628989||1630168,1628989,203991,203992,101150|1610612737||LONG_MID_RANGE|2|1610612737|1610612747||||-74|182
||1629134,2730,1629635,203145,1628370|1610612747|2FG_MISS|1|time|||false|1628989||1630168,1628989,203991,203992,101150|1610612737||LONG_MID_RANGE|2|1610612737|1610612747||||-74|182
||1629134,2730,1629635,203145,1628370|1610612747|DEFENSIVE_REBOUND|1|time|||false|||1630168,1628989,203991,203992,101150|1610612737||||1610612737|1610612747||1|||
||1630168,1628989,203991,203992,101150|1610612737|2FG_ATTEMPT|1|time||false|false|203145||1629134,2730,1629635,203145,1628370|1610612747||SHORT_MID_RANGE|2|1610612737|1610612747||||55|73
||1630168,1628989,203991,203992,101150|1610612737|2FG_MADE|1|time||false|false|203145|2730|1629134,2730,1629635,203145,1628370|1610612747||SHORT_MID_RANGE|2|1610612737|1610612747||2||55|73
||1629134,2730,1629635,203145,1628370|1610612747|2FG_ATTEMPT|1|time||false|false|203992||1630168,1628989,203991,203992,101150|1610612737||AT_RIM|2|1610612737|1610612747||||-14|5
||1629134,2730,1629635,203145,1628370|1610612747|2FG_MISS|1|time|||false|203992||1630168,1628989,203991,203992,101150|1610612737||AT_RIM|2|1610612737|1610612747||||-14|5
|1629635|1629134,2730,1629635,203145,1628370|1610612747|2FG_BLOCK|1|time|||false|203992||1630168,1628989,203991,203992,101150|1610612737|||2|1610612737|1610612747||1|||
||1629134,2730,1629635,203145,1628370|1610612747|OFFENSIVE_REBOUND|1|time|||false|||1630168,1628989,203991,203992,101150|1610612737||||1610612737|1610612747||1|||
||1629134,2730,1629635,203145,1628370|1610612747|2FG_ATTEMPT|1|time||false|false|203991||1630168,1628989,203991,203992,101150|1610612737||SHORT_MID_RANGE|2|1610612737|1610612747||||54|30
||1629134,2730,1629635,203145,1628370|1610612747|2FG_MADE|1|time||false|false|203991|203992|1630168,1628989,203991,203992,101150|1610612737||SHORT_MID_RANGE|2|1610612737|1610612747||2||54|30
||1630168,1628989,203991,203992,101150|1610612737|2FG_ATTEMPT|1|time||false|false|1629134||1629134,2730,1629635,203145,1628370|1610612747||AT_RIM|2|1610612737|1610612747||||-11|11
||1630168,1628989,203991,203992,101150|1610612737|2FG_MADE|1|time||false|false|1629134|1628370|1629134,2730,1629635,203145,1628370|1610612747||AT_RIM|2|1610612737|1610612747||2||-11|11
||1629134,2730,1629635,203145,1628370|1610612747|2FG_ATTEMPT|1|time||false|false|1628989||1630168,1628989,203991,203992,101150|1610612737||AT_RIM|2|1610612737|1610612747||||14|18
||1629134,2730,1629635,203145,1628370|1610612747|2FG_MADE|1|time||false|false|1628989|203991|1630168,1628989,203991,203992,101150|1610612737||AT_RIM|2|1610612737|1610612747||2||14|18
||1630168,1628989,203991,203992,101150|1610612737|3FG_ATTEMPT|1|time||false|false|2730||1629134,2730,1629635,203145,1628370|1610612747||ARC_3|3|1610612737|1610612747||||-188|189
||1630168,1628989,203991,203992,101150|1610612737|3FG_MADE|1|time||false|false|2730|1629635|1629134,2730,1629635,203145,1628370|1610612747||ARC_3|3|1610612737|1610612747||3||-188|189
||1629134,2730,1629635,203145,1628370|1610612747|2FG_ATTEMPT|1|time||false|false|203992||1630168,1628989,203991,203992,101150|1610612737||AT_RIM|2|1610612737|1610612747||||0|-10
||1629134,2730,1629635,203145,1628370|1610612747|2FG_MISS|1|time|||false|203992||1630168,1628989,203991,203992,101150|1610612737||AT_RIM|2|1610612737|1610612747||||0|-10
||1629134,2730,1629635,203145,1628370|1610612747|DEFENSIVE_REBOUND|1|time|||false|||1630168,1628989,203991,203992,101150|1610612737||||1610612737|1610612747||1|||
||1630168,1628989,203991,203992,101150|1610612737|2FG_ATTEMPT|1|time||false|false|2730||1629134,2730,1629635,203145,1628370|1610612747||AT_RIM|2|1610612737|1610612747||||3|0
||1630168,1628989,203991,203992,101150|1610612737|2FG_MADE|1|time||false|false|2730|1628370|1629134,2730,1629635,203145,1628370|1610612747||AT_RIM|2|1610612737|1610612747||2||3|0
||1629134,2730,1629635,203145,1628370|1610612747|2FG_ATTEMPT|1|time||false|false|101150||1630168,1628989,203991,203992,101150|1610612737||LONG_MID_RANGE|2|1610612737|1610612747||||-52|97
||1629134,2730,1629635,203145,1628370|1610612747|2FG_MADE|1|time||false|false|101150|1628989|1630168,1628989,203991,203992,101150|1610612737||LONG_MID_RANGE|2|1610612737|1610612747||2||-52|97
||1630168,1628989,203991,203992,101150|1610612737|2FG_ATTEMPT|1|time||false|false|1629134||1629134,2730,1629635,203145,1628370|1610612747||SHORT_MID_RANGE|2|1610612737|1610612747||||2|91
||1630168,1628989,203991,203992,101150|1610612737|2FG_MISS|1|time|||false|1629134||1629134,2730,1629635,203145,1628370|1610612747||SHORT_MID_RANGE|2|1610612737|1610612747||||2|91
||1630168,1628989,203991,203992,101150|1610612737|OFFENSIVE_REBOUND|1|time|||false|||1629134,2730,1629635,203145,1628370|1610612747||||1610612737|1610612747||1|||
||1630168,1628989,203991,203992,101150|1610612737|TURNOVER|1|time|||false|1628370||1629134,2730,1629635,203145,1628370|1610612747||||1610612737|1610612747|KICKED_BALL|1|||
||1629134,2730,1629635,203145,1628370|1610612747|2FG_ATTEMPT|1|time||true|false|203991||1630168,1628989,203991,203992,101150|1610612737||AT_RIM|2|1610612737|1610612747||||20|13
||1629134,2730,1629635,203145,1628370|1610612747|2FG_MADE|1|time||true|false|203991||1630168,1628989,203991,203992,101150|1610612737||AT_RIM|2|1610612737|1610612747||2||20|13
||1630168,1628989,203991,203992,101150|1610612737|2FG_ATTEMPT|1|time||false|false|1629635||1629134,2730,1629635,203145,1628370|1610612747||SHORT_MID_RANGE|2|1610612737|1610612747||||-5|58
||1630168,1628989,203991,203992,101150|1610612737|2FG_MADE|1|time||false|false|1629635||1629134,2730,1629635,203145,1628370|1610612747||SHORT_MID_RANGE|2|1610612737|1610612747||2||-5|58
||1629134,2730,1629635,203145,1628370|1610612747|TURNOVER|1|time|||false|203992||1630168,1628989,203991,203992,101150|1610612737||||1610612737|1610612747|LANE_VIOLATION|1|||
||1630168,1628989,203991,203992,101150|1610612737|2FG_ATTEMPT|1|time||false|false|203145||1629134,2730,1629635,203145,1628370|1610612747||LONG_MID_RANGE|2|1610612737|1610612747||||-78|195
||1630168,1628989,203991,203992,101150|1610612737|2FG_MISS|1|time|||false|203145||1629134,2730,1629635,203145,1628370|1610612747||LONG_MID_RANGE|2|1610612737|1610612747||||-78|195
||1630168,1628989,203991,203992,101150|1610612737|DEFENSIVE_REBOUND|1|time|||false|||1629134,2730,1629635,203145,1628370|1610612747||||1610612737|1610612747||1|||
||1629134,2730,1629635,203145,1628370|1610612747|2FG_ATTEMPT|1|time||false|false|101150||1630168,1628989,203991,203992,101150|1610612737||SHORT_MID_RANGE|2|1610612737|1610612747||||-41|62
||1629134,2730,1629635,203145,1628370|1610612747|2FG_MISS|1|time|||false|101150||1630168,1628989,203991,203992,101150|1610612737||SHORT_MID_RANGE|2|1610612737|1610612747||||-41|62
||1629134,2730,1629635,203145,1628370|1610612747|DEFENSIVE_REBOUND|1|time|||false|||1630168,1628989,203991,203992,101150|1610612737||||1610612737|1610612747||1|||
||1630168,1628989,203991,203992,101150|1610612737|2FG_ATTEMPT|1|time||true|false|203145||1629134,2730,1629635,203145,1628370|1610612747||AT_RIM|2|1610612737|1610612747||||-8|0
||1630168,1628989,203991,203992,101150|1610612737|2FG_MISS|1|time|||false|203145||1629134,2730,1629635,203145,1628370|1610612747||AT_RIM|2|1610612737|1610612747||||-8|0
||1630168,1628989,203991,203992,101150|1610612737|DEFENSIVE_REBOUND|1|time|||false|||1629134,2730,1629635,203145,1628370|1610612747||||1610612737|1610612747||1|||
||1629134,2730,1629635,203145,1628370|1610612747|TURNOVER|1|time|||false|203992||1630168,1628989,203991,203992,101150|1610612737||||1610612737|1610612747|THREE_SECONDS_VIOLATION|1|||
||1630168,1628989,203991,203992,101150|1610612737|2FG_ATTEMPT|1|time||false|false|203145||1629134,2730,1629635,203145,1628370|1610612747||AT_RIM|2|1610612737|1610612747||||-8|22
||1630168,1628989,203991,203992,101150|1610612737|2FG_MADE|1|time||false|false|203145||1629134,2730,1629635,203145,1628370|1610612747||AT_RIM|2|1610612737|1610612747||2||-8|22
||1630168,1628989,203991,203992,101150|1610612737|SEGMENT_END|1|time|||false|||1629134,2730,1629635,203145,1628370|1610612747|4|||1610612737|1610612747|||||
||1629134,2730,1629635,203145,1628370|1610612747|SEGMENT_START|1|time|||false|||1630168,1628989,203991,203992,101150|1610612737|4|||1610612737|1610612747|||||
||1629134,2730,1629635,203145,1628370|1610612747|2FG_ATTEMPT|1|time||false|false|1628989||1630168,1628989,203991,203992,101150|1610612737||LONG_MID_RANGE|2|1610612737|1610612747||||-111|158
||1629134,2730,1629635,203145,1628370|1610612747|2FG_MADE|1|time||false|false|1628989||1630168,1628989,203991,203992,101150|1610612737||LONG_MID_RANGE|2|1610612737|1610612747||2||-111|158
||1630168,1628989,203991,203992,101150|1610612737|2FG_ATTEMPT|1|time||false|false|203145||1629134,2730,1629635,203145,1628370|1610612747||AT_RIM|2|1610612737|1610612747||||-13|5
||1630168,1628989,203991,203992,101150|1610612737|2FG_MADE|1|time||false|false|203145|1628370|1629134,2730,1629635,203145,1628370|1610612747||AT_RIM|2|1610612737|1610612747||2||-13|5
||1629134,2730,1629635,203145,1628370|1610612747|2FG_ATTEMPT|1|time||false|false|101150||1630168,1628989,203991,203992,101150|1610612737||LONG_MID_RANGE|2|1610612737|1610612747||||4|101
||1629134,2730,1629635,203145,1628370|1610612747|2FG_MISS|1|time|||false|101150||1630168,1628989,203991,203992,101150|1610612737||LONG_MID_RANGE|2|1610612737|1610612747||||4|101
||1629134,2730,1629635,203145,1628370|1610612747|OFFENSIVE_REBOUND|1|time|||false|||1630168,1628989,203991,203992,101150|1610612737||||1610612737|1610612747||1|||
||1629134,2730,1629635,203145,1628370|1610612747|3FG_ATTEMPT|1|time||false|false|203992||1630168,1628989,203991,203992,101150|1610612737||ARC_3|3|1610612737|1610612747||||39|242
||1629134,2730,1629635,203145,1628370|1610612747|3FG_MADE|1|time||false|false|203992||1630168,1628989,203991,203992,101150|1610612737||ARC_3|3|1610612737|1610612747||3||39|242
||1630168,1628989,203991,203992,101150|1610612737|2FG_ATTEMPT|1|time||false|false|203145||1629134,2730,1629635,203145,1628370|1610612747||SHORT_MID_RANGE|2|1610612737|1610612747||||-11|78
||1630168,1628989,203991,203992,101150|1610612737|2FG_MISS|1|time|||false|203145||1629134,2730,1629635,203145,1628370|1610612747||SHORT_MID_RANGE|2|1610612737|1610612747||||-11|78
|1630168|1630168,1628989,203991,203992,101150|1610612737|2FG_BLOCK|1|time|||false|203145||1629134,2730,1629635,203145,1628370|1610612747|||2|1610612737|1610612747||1|||
||1630168,1628989,203991,203992,101150|1610612737|OFFENSIVE_REBOUND|1|time|||false|||1629134,2730,1629635,203145,1628370|1610612747||||1610612737|1610612747||1|||
|203991|1630168,1628989,203991,203992,101150|1610612737|NON_SHOOTING_DEFENSIVE_FOUL|1|time|||false|203145||1629134,2730,1629635,203145,1628370|1610612747|1|||1610612737|1610612747|||||
||1630168,1628989,203991,203992,101150|1610612737|2FG_ATTEMPT|1|time||false|false|1628370||1629134,2730,1629635,203145,1628370|1610612747||LONG_MID_RANGE|2|1610612737|1610612747||||-33|9
||1630168,1628989,203991,203992,101150|1610612737|2FG_MISS|1|time|||false|1628370||1629134,2730,1629635,203145,1628370|1610612747||LONG_MID_RANGE|2|1610612737|1610612747||||-33|9
||1630168,1628989,203991,203992,101150|1610612737|OFFENSIVE_REBOUND|1|time|||false|||1629134,2730,1629635,203145,1628370|1610612747||||1610612737|1610612747||1|||
||1630168,1628989,203991,203992,101150|1610612737|2FG_ATTEMPT|1|time||false|false|203145||1629134,2730,1629635,203145,1628370|1610612747||LONG_MID_RANGE|2|1610612737|1610612747||||120|143
||1630168,1628989,203991,203992,101150|1610612737|2FG_MADE|1|time||false|false|203145||1629134,2730,1629635,203145,1628370|1610612747||LONG_MID_RANGE|2|1610612737|1610612747||2||120|143
||1629134,2730,1629635,203145,1628370|1610612747|3FG_ATTEMPT|1|time||false|false|203991||1630168,1628989,203991,203992,101150|1610612737||CORNER_3|3|1610612737|1610612747||||-231|2
||1629134,2730,1629635,203145,1628370|1610612747|3FG_MISS|1|time|||false|203991||1630168,1628989,203991,203992,101150|1610612737||CORNER_3|3|1610612737|1610612747||||-231|2
||1629134,2730,1629635,203145,1628370|1610612747|OFFENSIVE_REBOUND|1|time|||false|||1630168,1628989,203991,203992,101150|1610612737||||1610612737|1610612747||1|||
|203145|1629134,2730,1629635,203145,1628370|1610612747|NON_SHOOTING_DEFENSIVE_FOUL|1|time|||false|1630168||1630168,1628989,203991,203992,101150|1610612737|1|||1610612737|1610612747|||||
||1629134,2730,1629635,203145,1628370|1610612747|2FG_ATTEMPT|1|time||false|false|203991||1630168,1628989,203991,203992,101150|1610612737||SHORT_MID_RANGE|2|1610612737|1610612747||||-3|42
||1629134,2730,1629635,203145,1628370|1610612747|2FG_MISS|1|time|||false|203991||1630168,1628989,203991,203992,101150|1610612737||SHORT_MID_RANGE|2|1610612737|1610612747||||-3|42
|1629134|1629134,2730,1629635,203145,1628370|1610612747|DEFENSIVE_REBOUND|1|time|||false|||1630168,1628989,203991,203992,101150|1610612737||||1610612737|1610612747||1|||
||1630168,1628989,203991,203992,101150|1610612737|2FG_ATTEMPT|1|time||false|false|2730||1629134,2730,1629635,203145,1628370|1610612747||AT_RIM|2|1610612737|1610612747||||34|16
||1630168,1628989,203991,203992,101150|1610612737|2FG_MISS|1|time|||false|2730||1629134,2730,1629635,203145,1628370|1610612747||AT_RIM|2|1610612737|1610612747||||34|16
||1630168,1628989,203991,203992,101150|1610612737|OFFENSIVE_REBOUND|1|time|||false|||1629134,2730,1629635,203145,1628370|1610612747||||1610612737|1610612747||1|||
||1630168,1628989,203991,203992,101150|1610612737|2FG_ATTEMPT|1|time||false|false|203145||1629134,2730,1629635,203145,1628370|1610612747||AT_RIM|2|1610612737|1610612747||||31|7
||1630168,1628989,203991,203992,101150|1610612737|2FG_MADE|1|time||false|false|203145||1629134,2730,1629635,203145,1628370|1610612747||AT_RIM|2|1610612737|1610612747||2||31|7
|101150|1629134,2730,1629635,203145,1628370|1610612737|JUMP_BALL|1|time|||false|2730||1630168,1628989,203991,203992,101150|1610612747||||1610612737|1610612747|||||
||1630168,1628989,203991,203992,101150|1610612737|2FG_ATTEMPT|1|time||false|false|1628370||1629134,2730,1629635,203145,1628370|1610612747||SHORT_MID_RANGE|2|1610612737|1610612747||||3|38
||1630168,1628989,203991,203992,101150|1610612737|2FG_MADE|1|time||false|false|1628370|1629635|1629134,2730,1629635,203145,1628370|1610612747||SHORT_MID_RANGE|2|1610612737|1610612747||2||3|38
||1629134,2730,1629635,203145,1628370|1610612747|2FG_ATTEMPT|1|time||false|false|101150||1630168,1628989,203991,203992,101150|1610612737||SHORT_MID_RANGE|2|1610612737|1610612747||||-25|69
||1629134,2730,1629635,203145,1628370|1610612747|2FG_MISS|1|time|||false|101150||1630168,1628989,203991,203992,101150|1610612737||SHORT_MID_RANGE|2|1610612737|1610612747||||-25|69
||1629134,2730,1629635,203145,1628370|1610612747|OFFENSIVE_REBOUND|1|time|||false|||1630168,1628989,203991,203992,101150|1610612737||||1610612737|1610612747||1|||
||1629134,2730,1629635,203145,1628370|1610612747|2FG_ATTEMPT|1|time||true|false|203991||1630168,1628989,203991,203992,101150|1610612737||AT_RIM|2|1610612737|1610612747||||-8|13
||1629134,2730,1629635,203145,1628370|1610612747|2FG_MADE|1|time||true|false|203991||1630168,1628989,203991,203992,101150|1610612737||AT_RIM|2|1610612737|1610612747||2||-8|13
||1630168,1628989,203991,203992,101150|1610612737|3FG_ATTEMPT|1|time||false|false|1628370||1629134,2730,1629635,203145,1628370|1610612747||ARC_3|3|1610612737|1610612747||||185|210
||1630168,1628989,203991,203992,101150|1610612737|3FG_MADE|1|time||false|false|1628370|2730|1629134,2730,1629635,203145,1628370|1610612747||ARC_3|3|1610612737|1610612747||3||185|210
|1629134|1629134,2730,1629635,203145,1628370|1610612747|NON_SHOOTING_DEFENSIVE_FOUL|1|time|||false|203991||1630168,1628989,203991,203992,101150|1610612737|1|||1610612737|1610612747|||||
||1629134,2730,1629635,203145,1628370|1610612747|2FG_ATTEMPT|1|time||false|false|203991||1630168,1628989,203991,203992,101150|1610612737||AT_RIM|2|1610612737|1610612747||||-13|13
||1629134,2730,1629635,203145,1628370|1610612747|2FG_MADE|1|time||false|false|203991|1628989|1630168,1628989,203991,203992,101150|1610612737||AT_RIM|2|1610612737|1610612747||2||-13|13
||1630168,1628989,203991,203992,101150|1610612737|2FG_ATTEMPT|1|time||false|false|1629134||1629134,2730,1629635,203145,1628370|1610612747||AT_RIM|2|1610612737|1610612747||||18|27
||1630168,1628989,203991,203992,101150|1610612737|2FG_MISS|1|time|||false|1629134||1629134,2730,1629635,203145,1628370|1610612747||AT_RIM|2|1610612737|1610612747||||18|27
|1630168|1630168,1628989,203991,203992,101150|1610612737|2FG_BLOCK|1|time|||false|1629134||1629134,2730,1629635,203145,1628370|1610612747|||2|1610612737|1610612747||1|||
||1630168,1628989,203991,203992,101150|1610612737|DEFENSIVE_REBOUND|1|time|||false|||1629134,2730,1629635,203145,1628370|1610612747||||1610612737|1610612747||1|||
||1629134,2730,1629635,203145,1628370|1610612747|TURNOVER|1|time|||false|1630168||1630168,1628989,203991,203992,101150|1610612737||||1610612737|1610612747|OFFENSIVE_GOALTENDING|1|||
|1630168|1630168,1628989,203991,203992,101150|1610612737|NON_SHOOTING_DEFENSIVE_FOUL|1|time|||false|2730||1629134,2730,1629635,203145,1628370|1610612747|1|||1610612737|1610612747|||||
||1630168,1628989,203991,203992,101150|1610612737|2FG_ATTEMPT|1|time||false|false|203145||1629134,2730,1629635,203145,1628370|1610612747||AT_RIM|2|1610612737|1610612747||||17|-1
||1630168,1628989,203991,203992,101150|1610612737|2FG_MISS|1|time|||false|203145||1629134,2730,1629635,203145,1628370|1610612747||AT_RIM|2|1610612737|1610612747||||17|-1
|203992|1630168,1628989,203991,203992,101150|1610612737|2FG_BLOCK|1|time|||false|203145||1629134,2730,1629635,203145,1628370|1610612747|||2|1610612737|1610612747||1|||
||1630168,1628989,203991,203992,101150|1610612737|DEFENSIVE_REBOUND|1|time|||false|||1629134,2730,1629635,203145,1628370|1610612747||||1610612737|1610612747||1|||
||1629134,2730,1629635,203145,1628370|1610612747|2FG_ATTEMPT|1|time||false|false|203992||1630168,1628989,203991,203992,101150|1610612737||SHORT_MID_RANGE|2|1610612737|1610612747||||-123|58
||1629134,2730,1629635,203145,1628370|1610612747|2FG_MADE|1|time||false|false|203992||1630168,1628989,203991,203992,101150|1610612737||SHORT_MID_RANGE|2|1610612737|1610612747||2||-123|58
||1630168,1628989,203991,203992,101150|1610612737|3FG_ATTEMPT|1|time||false|false|2730||1629134,2730,1629635,203145,1628370|1610612747||ARC_3|3|1610612737|1610612747||||-78|241
||1630168,1628989,203991,203992,101150|1610612737|3FG_MISS|1|time|||false|2730||1629134,2730,1629635,203145,1628370|1610612747||ARC_3|3|1610612737|1610612747||||-78|241
||1630168,1628989,203991,203992,101150|1610612737|DEFENSIVE_REBOUND|1|time|||false|||1629134,2730,1629635,203145,1628370|1610612747||||1610612737|1610612747||1|||
||1629134,2730,1629635,203145,1628370|1610612747|2FG_ATTEMPT|1|time||false|false|1630168||1630168,1628989,203991,203992,101150|1610612737||LONG_MID_RANGE|2|1610612737|1610612747||||-141|98
||1629134,2730,1629635,203145,1628370|1610612747|2FG_MISS|1|time|||false|1630168||1630168,1628989,203991,203992,101150|1610612737||LONG_MID_RANGE|2|1610612737|1610612747||||-141|98
|1628370|1629134,2730,1629635,203145,1628370|1610612747|2FG_BLOCK|1|time|||false|1630168||1630168,1628989,203991,203992,101150|1610612737|||2|1610612737|1610612747||1|||
||1629134,2730,1629635,203145,1628370|1610612747|DEFENSIVE_REBOUND|1|time|||false|||1630168,1628989,203991,203992,101150|1610612737||||1610612737|1610612747||1|||
||1630168,1628989,203991,203992,101150|1610612737|3FG_ATTEMPT|1|time||false|false|203145||1629134,2730,1629635,203145,1628370|1610612747||ARC_3|3|1610612737|1610612747||||16|253
||1630168,1628989,203991,203992,101150|1610612737|3FG_MISS|1|time|||false|203145||1629134,2730,1629635,203145,1628370|1610612747||ARC_3|3|1610612737|1610612747||||16|253
|203992|1630168,1628989,203991,203992,101150|1610612737|DEFENSIVE_REBOUND|1|time|||false|||1629134,2730,1629635,203145,1628370|1610612747||||1610612737|1610612747||1|||
||1629134,2730,1629635,203145,1628370|1610612747|2FG_ATTEMPT|1|time||false|false|1630168||1630168,1628989,203991,203992,101150|1610612737||AT_RIM|2|1610612737|1610612747||||2|7
||1629134,2730,1629635,203145,1628370|1610612747|2FG_MADE|1|time||false|false|1630168|101150|1630168,1628989,203991,203992,101150|1610612737||AT_RIM|2|1610612737|1610612747||2||2|7
||1630168,1628989,203991,203992,101150|1610612737|VIOLATION|1|time|||false|||1629134,2730,1629635,203145,1628370|1610612747||||1610612737|1610612747|||DOUBLE_LANE_VIOLATION||
||1629134,2730,1629635,203145,1628370|1610612747|2FG_ATTEMPT|1|time||false|false|101150||1630168,1628989,203991,203992,101150|1610612737||AT_RIM|2|1610612737|1610612747||||6|21
||1629134,2730,1629635,203145,1628370|1610612747|2FG_MADE|1|time||false|false|101150||1630168,1628989,203991,203992,101150|1610612737||AT_RIM|2|1610612737|1610612747||2||6|21
||1630168,1628989,203991,203992,101150|1610612737|3FG_ATTEMPT|1|time||false|false|1628370||1629134,2730,1629635,203145,1628370|1610612747||CORNER_3|3|1610612737|1610612747||||-234|17
||1630168,1628989,203991,203992,101150|1610612737|3FG_MISS|1|time|||false|1628370||1629134,2730,1629635,203145,1628370|1610612747||CORNER_3|3|1610612737|1610612747||||-234|17
||1630168,1628989,203991,203992,101150|1610612737|OFFENSIVE_REBOUND|1|time|||false|||1629134,2730,1629635,203145,1628370|1610612747||||1610612737|1610612747||1|||
||1630168,1628989,203991,203992,101150|1610612737|2FG_ATTEMPT|1|time||false|false|1629134||1629134,2730,1629635,203145,1628370|1610612747||AT_RIM|2|1610612737|1610612747||||6|7
||1630168,1628989,203991,203992,101150|1610612737|2FG_MADE|1|time||false|false|1629134|1628370|1629134,2730,1629635,203145,1628370|1610612747||AT_RIM|2|1610612737|1610612747||2||6|7
||1629134,2730,1629635,203145,1628370|1610612747|2FG_ATTEMPT|1|time||false|false|1628989||1630168,1628989,203991,203992,101150|1610612737||AT_RIM|2|1610612737|1610612747||||0|10
||1629134,2730,1629635,203145,1628370|1610612747|2FG_MADE|1|time||false|false|1628989||1630168,1628989,203991,203992,101150|1610612737||AT_RIM|2|1610612737|1610612747||2||0|10
||1630168,1628989,203991,203992,101150|1610612737|2FG_ATTEMPT|1|time||false|false|1628370||1629134,2730,1629635,203145,1628370|1610612747||AT_RIM|2|1610612737|1610612747||||-6|18
||1630168,1628989,203991,203992,101150|1610612737|2FG_MISS|1|time|||false|1628370||1629134,2730,1629635,203145,1628370|1610612747||AT_RIM|2|1610612737|1610612747||||-6|18
|101150|1630168,1628989,203991,203992,101150|1610612737|2FG_BLOCK|1|time|||false|1628370||1629134,2730,1629635,203145,1628370|1610612747|||2|1610612737|1610612747||1|||
||1630168,1628989,203991,203992,101150|1610612737|DEFENSIVE_REBOUND|1|time|||false|||1629134,2730,1629635,203145,1628370|1610612747||||1610612737|1610612747||1|||
||1629134,2730,1629635,203145,1628370|1610612747|2FG_ATTEMPT|1|time||false|false|1630168||1630168,1628989,203991,203992,101150|1610612737||AT_RIM|2|1610612737|1610612747||||-30|29
||1629134,2730,1629635,203145,1628370|1610612747|2FG_MISS|1|time|||false|1630168||1630168,1628989,203991,203992,101150|1610612737||AT_RIM|2|1610612737|1610612747||||-30|29
||1629134,2730,1629635,203145,1628370|1610612747|DEFENSIVE_REBOUND|1|time|||false|||1630168,1628989,203991,203992,101150|1610612737||||1610612737|1610612747||1|||
||1630168,1628989,203991,203992,101150|1610612737|2FG_ATTEMPT|1|time||false|false|2730||1629134,2730,1629635,203145,1628370|1610612747||LONG_MID_RANGE|2|1610612737|1610612747||||112|14
||1630168,1628989,203991,203992,101150|1610612737|2FG_MADE|1|time||false|false|2730|1629635|1629134,2730,1629635,203145,1628370|1610612747||LONG_MID_RANGE|2|1610612737|1610612747||2||112|14
||1629134,2730,1629635,203145,1628370|1610612747|2FG_ATTEMPT|1|time||false|false|101150||1630168,1628989,203991,203992,101150|1610612737||SHORT_MID_RANGE|2|1610612737|1610612747||||0|43
||1629134,2730,1629635,203145,1628370|1610612747|2FG_MISS|1|time|||false|101150||1630168,1628989,203991,203992,101150|1610612737||SHORT_MID_RANGE|2|1610612737|1610612747||||0|43
||1629134,2730,1629635,203145,1628370|1610612747|OFFENSIVE_REBOUND|1|time|||false|||1630168,1628989,203991,203992,101150|1610612737||||1610612737|1610612747||1|||
||1629134,2730,1629635,203145,1628370|1610612747|3FG_ATTEMPT|1|time||false|false|101150||1630168,1628989,203991,203992,101150|1610612737||ARC_3|3|1610612737|1610612747||||-99|281
||1629134,2730,1629635,203145,1628370|1610612747|3FG_MADE|1|time||false|false|101150|203991|1630168,1628989,203991,203992,101150|1610612737||ARC_3|3|1610612737|1610612747||3||-99|281
||1630168,1628989,203991,203992,101150|1610612737|2FG_ATTEMPT|1|time||false|false|2730||1629134,2730,1629635,203145,1628370|1610612747||SHORT_MID_RANGE|2|1610612737|1610612747||||-22|51
||1630168,1628989,203991,203992,101150|1610612737|2FG_MADE|1|time||false|false|2730||1629134,2730,1629635,203145,1628370|1610612747||SHORT_MID_RANGE|2|1610612737|1610612747||2||-22|51
||1629134,2730,1629635,203145,1628370|1610612747|2FG_ATTEMPT|1|time||false|false|101150||1630168,1628989,203991,203992,101150|1610612737||LONG_MID_RANGE|2|1610612737|1610612747||||-184|145
||1629134,2730,1629635,203145,1628370|1610612747|2FG_MADE|1|time||false|false|101150||1630168,1628989,203991,203992,101150|1610612737||LONG_MID_RANGE|2|1610612737|1610612747||2||-184|145
||1630168,1628989,203991,203992,101150|1610612737|2FG_ATTEMPT|1|time||false|false|1629635||1629134,2730,1629635,203145,1628370|1610612747||LONG_MID_RANGE|2|1610612737|1610612747||||45|118
||1630168,1628989,203991,203992,101150|1610612737|2FG_MISS|1|time|||false|1629635||1629134,2730,1629635,203145,1628370|1610612747||LONG_MID_RANGE|2|1610612737|1610612747||||45|118
||1630168,1628989,203991,203992,101150|1610612737|DEFENSIVE_REBOUND|1|time|||false|||1629134,2730,1629635,203145,1628370|1610612747||||1610612737|1610612747||1|||
||1629134,2730,1629635,203145,1628370|1610612747|2FG_ATTEMPT|1|time||false|false|1630168||1630168,1628989,203991,203992,101150|1610612737||AT_RIM|2|1610612737|1610612747||||5|4
||1629134,2730,1629635,203145,1628370|1610612747|2FG_MISS|1|time|||false|1630168||1630168,1628989,203991,203992,101150|1610612737||AT_RIM|2|1610612737|1610612747||||5|4
||1629134,2730,1629635,203145,1628370|1610612747|OFFENSIVE_REBOUND|1|time|||false|||1630168,1628989,203991,203992,101150|1610612737||||1610612737|1610612747||1|||
||1629134,2730,1629635,203145,1628370|1610612747|TURNOVER|1|time|||false|203992||1630168,1628989,203991,203992,101150|1610612737||||1610612737|1610612747|OFFENSIVE_GOALTENDING|1|||
||1630168,1628989,203991,203992,101150|1610612737|2FG_ATTEMPT|1|time||false|false|1629134||1629134,2730,1629635,203145,1628370|1610612747||AT_RIM|2|1610612737|1610612747||||16|16
||1630168,1628989,203991,203992,101150|1610612737|2FG_MADE|1|time||false|false|1629134||1629134,2730,1629635,203145,1628370|1610612747||AT_RIM|2|1610612737|1610612747||2||16|16
||1629134,2730,1629635,203145,1628370|1610612747|2FG_ATTEMPT|1|time||false|false|1630168||1630168,1628989,203991,203992,101150|1610612737||SHORT_MID_RANGE|2|1610612737|1610612747||||-47|31
||1629134,2730,1629635,203145,1628370|1610612747|2FG_MISS|1|time|||false|1630168||1630168,1628989,203991,203992,101150|1610612737||SHORT_MID_RANGE|2|1610612737|1610612747||||-47|31
||1629134,2730,1629635,203145,1628370|1610612747|OFFENSIVE_REBOUND|1|time|||false|||1630168,1628989,203991,203992,101150|1610612737||||1610612737|1610612747||1|||
||1629134,2730,1629635,203145,1628370|1610612747|3FG_ATTEMPT|1|time||false|false|1630168||1630168,1628989,203991,203992,101150|1610612737||ARC_3|3|1610612737|1610612747||||-138|253
||1629134,2730,1629635,203145,1628370|1610612747|3FG_MISS|1|time|||false|1630168||1630168,1628989,203991,203992,101150|1610612737||ARC_3|3|1610612737|1610612747||||-138|253
||1629134,2730,1629635,203145,1628370|1610612747|OFFENSIVE_REBOUND|1|time|||false|||1630168,1628989,203991,203992,101150|1610612737||||1610612737|1610612747||1|||
||1629134,2730,1629635,203145,1628370|1610612747|3FG_ATTEMPT|1|time||false|false|203992||1630168,1628989,203991,203992,101150|1610612737||CORNER_3|3|1610612737|1610612747||||-232|11
||1629134,2730,1629635,203145,1628370|1610612747|3FG_MISS|1|time|||false|203992||1630168,1628989,203991,203992,101150|1610612737||CORNER_3|3|1610612737|1610612747||||-232|11
||1629134,2730,1629635,203145,1628370|1610612747|DEFENSIVE_REBOUND|1|time|||false|||1630168,1628989,203991,203992,101150|1610612737||||1610612737|1610612747||1|||
||1630168,1628989,203991,203992,101150|1610612737|2FG_ATTEMPT|1|time||false|false|203145||1629134,2730,1629635,203145,1628370|1610612747||LONG_MID_RANGE|2|1610612737|1610612747||||52|143
||1630168,1628989,203991,203992,101150|1610612737|2FG_MADE|1|time||false|false|203145|1628370|1629134,2730,1629635,203145,1628370|1610612747||LONG_MID_RANGE|2|1610612737|1610612747||2||52|143
||1630168,1628989,203991,203992,101150|1610612737|SEGMENT_END|1|time|||false|||1629134,2730,1629635,203145,1628370|1610612747|4|||1610612737|1610612747|||||
||1629134,2730,1629635,203145,1628370|1610612747|SEGMENT_START|1|time|||false|||1630168,1628989,203991,203992,101150|1610612737|4|||1610612737|1610612747|||||
||1629134,2730,1629635,203145,1628370|1610612747|2FG_ATTEMPT|1|time||false|false|1630168||1630168,1628989,203991,203992,101150|1610612737||AT_RIM|2|1610612737|1610612747||||-3|12
||1629134,2730,1629635,203145,1628370|1610612747|2FG_MISS|1|time|||false|1630168||1630168,1628989,203991,203992,101150|1610612737||AT_RIM|2|1610612737|1610612747||||-3|12
||1629134,2730,1629635,203145,1628370|1610612747|DEFENSIVE_REBOUND|1|time|||false|||1630168,1628989,203991,203992,101150|1610612737||||1610612737|1610612747||1|||
||1630168,1628989,203991,203992,101150|1610612737|2FG_ATTEMPT|1|time||false|false|2730||1629134,2730,1629635,203145,1628370|1610612747||AT_RIM|2|1610612737|1610612747||||8|6
|203991|1630168,1628989,203991,203992,101150|1610612737|2FG_MADE_FOUL|1|time||false|false|2730||1629134,2730,1629635,203145,1628370|1610612747|2|AT_RIM|2|1610612737|1610612747||2||8|6
||1630168,1628989,203991,203992,101150|1610612737|FREE_THROW|1|time|||false|2730||1629134,2730,1629635,203145,1628370|1610612747||||1610612737|1610612747||1|||
|2730|1629134,2730,1629635,203145,1628370|1610612747|NON_SHOOTING_DEFENSIVE_FOUL|1|time|||false|1630168||1630168,1628989,203991,203992,101150|1610612737|2|||1610612737|1610612747|||||
||1629134,2730,1629635,203145,1628370|1610612747|3FG_ATTEMPT|1|time||false|false|1630168||1630168,1628989,203991,203992,101150|1610612737||ARC_3|3|1610612737|1610612747||||134|230
||1629134,2730,1629635,203145,1628370|1610612747|3FG_MISS|1|time|||false|1630168||1630168,1628989,203991,203992,101150|1610612737||ARC_3|3|1610612737|1610612747||||134|230
||1629134,2730,1629635,203145,1628370|1610612747|DEFENSIVE_REBOUND|1|time|||false|||1630168,1628989,203991,203992,101150|1610612737||||1610612737|1610612747||1|||
||1630168,1628989,203991,203992,101150|1610612737|2FG_ATTEMPT|1|time||false|false|1628370||1629134,2730,1629635,203145,1628370|1610612747||SHORT_MID_RANGE|2|1610612737|1610612747||||-25|75
||1630168,1628989,203991,203992,101150|1610612737|2FG_MISS|1|time|||false|1628370||1629134,2730,1629635,203145,1628370|1610612747||SHORT_MID_RANGE|2|1610612737|1610612747||||-25|75
|1628989|1630168,1628989,203991,203992,101150|1610612737|2FG_BLOCK|1|time|||false|1628370||1629134,2730,1629635,203145,1628370|1610612747|||2|1610612737|1610612747||1|||
||1630168,1628989,203991,203992,101150|1610612737|DEFENSIVE_REBOUND|1|time|||false|||1629134,2730,1629635,203145,1628370|1610612747||||1610612737|1610612747||1|||
||1629134,2730,1629635,203145,1628370|1610612747|2FG_ATTEMPT|1|time||false|false|1628989||1630168,1628989,203991,203992,101150|1610612737||SHORT_MID_RANGE|2|1610612737|1610612747||||-8|42
||1629134,2730,1629635,203145,1628370|1610612747|2FG_MADE|1|time||false|false|1628989||1630168,1628989,203991,203992,101150|1610612737||SHORT_MID_RANGE|2|1610612737|1610612747||2||-8|42
||1630168,1628989,203991,203992,101150|1610612737|2FG_ATTEMPT|1|time||false|false|1628370||1629134,2730,1629635,203145,1628370|1610612747||AT_RIM|2|1610612737|1610612747||||28|18
||1630168,1628989,203991,203992,101150|1610612737|2FG_MADE|1|time||false|false|1628370|2730|1629134,2730,1629635,203145,1628370|1610612747||AT_RIM|2|1610612737|1610612747||2||28|18
||1629134,2730,1629635,203145,1628370|1610612747|3FG_ATTEMPT|1|time||false|false|203991||1630168,1628989,203991,203992,101150|1610612737||ARC_3|3|1610612737|1610612747||||-194|172
||1629134,2730,1629635,203145,1628370|1610612747|3FG_MISS|1|time|||false|203991||1630168,1628989,203991,203992,101150|1610612737||ARC_3|3|1610612737|1610612747||||-194|172
||1629134,2730,1629635,203145,1628370|1610612747|DEFENSIVE_REBOUND|1|time|||false|||1630168,1628989,203991,203992,101150|1610612737||||1610612737|1610612747||1|||
||1630168,1628989,203991,203992,101150|1610612737|2FG_ATTEMPT|1|time||false|false|2730||1629134,2730,1629635,203145,1628370|1610612747||SHORT_MID_RANGE|2|1610612737|1610612747||||-7|97
||1630168,1628989,203991,203992,101150|1610612737|2FG_MISS|1|time|||false|2730||1629134,2730,1629635,203145,1628370|1610612747||SHORT_MID_RANGE|2|1610612737|1610612747||||-7|97
||1630168,1628989,203991,203992,101150|1610612737|OFFENSIVE_REBOUND|1|time|||false|||1629134,2730,1629635,203145,1628370|1610612747||||1610612737|1610612747||1|||
||1630168,1628989,203991,203992,101150|1610612737|2FG_ATTEMPT|1|time||false|false|1629635||1629134,2730,1629635,203145,1628370|1610612747||AT_RIM|2|1610612737|1610612747||||-16|11
||1630168,1628989,203991,203992,101150|1610612737|2FG_MADE|1|time||false|false|1629635|1628370|1629134,2730,1629635,203145,1628370|1610612747||AT_RIM|2|1610612737|1610612747||2||-16|11
||1629134,2730,1629635,203145,1628370|1610612747|2FG_ATTEMPT|1|time||false|false|203991||1630168,1628989,203991,203992,101150|1610612737||AT_RIM|2|1610612737|1610612747||||13|33
||1629134,2730,1629635,203145,1628370|1610612747|2FG_MADE|1|time||false|false|203991||1630168,1628989,203991,203992,101150|1610612737||AT_RIM|2|1610612737|1610612747||2||13|33
||1630168,1628989,203991,203992,101150|1610612737|3FG_ATTEMPT|1|time||false|false|1629134||1629134,2730,1629635,203145,1628370|1610612747||ARC_3|3|1610612737|1610612747||||218|256
||1630168,1628989,203991,203992,101150|1610612737|3FG_MISS|1|time|||false|1629134||1629134,2730,1629635,203145,1628370|1610612747||ARC_3|3|1610612737|1610612747||||218|256
|203991|1630168,1628989,203991,203992,101150|1610612737|DEFENSIVE_REBOUND|1|time|||false|||1629134,2730,1629635,203145,1628370|1610612747||||1610612737|1610612747||1|||
||1629134,2730,1629635,203145,1628370|1610612747|2FG_ATTEMPT|1|time||false|false|1630168||1630168,1628989,203991,203992,101150|1610612737||SHORT_MID_RANGE|2|1610612737|1610612747||||-119|74
||1629134,2730,1629635,203145,1628370|1610612747|2FG_MADE|1|time||false|false|1630168|203991|1630168,1628989,203991,203992,101150|1610612737||SHORT_MID_RANGE|2|1610612737|1610612747||2||-119|74
|1628989|1630168,1628989,203991,203992,101150|1610612737|NON_SHOOTING_DEFENSIVE_FOUL|1|time|||false|1628370||1629134,2730,1629635,203145,1628370|1610612747|2|||1610612737|1610612747|||||
||1630168,1628989,203991,203992,101150|1610612737|OFFENSIVE_FOUL|1|time|true||false|1629635||1629134,2730,1629635,203145,1628370|1610612747||||1610612737|1610612747|||||
||1629134,2730,1629635,203145,1628370|1610612747|2FG_ATTEMPT|1|time||false|false|203992||1630168,1628989,203991,203992,101150|1610612737||AT_RIM|2|1610612737|1610612747||||5|0
||1629134,2730,1629635,203145,1628370|1610612747|2FG_MISS|1|time|||false|203992||1630168,1628989,203991,203992,101150|1610612737||AT_RIM|2|1610612737|1610612747||||5|0
||1629134,2730,1629635,203145,1628370|1610612747|DEFENSIVE_REBOUND|1|time|||false|||1630168,1628989,203991,203992,101150|1610612737||||1610612737|1610612747||1|||
|1628989|1630168,1628989,203991,203992,101150|1610612737|NON_SHOOTING_DEFENSIVE_FOUL|1|time|||false|2730||1629134,2730,1629635,203145,1628370|1610612747|2|||1610612737|1610612747|||||
||1630168,1628989,203991,203992,101150|1610612737|3FG_ATTEMPT|1|time||false|false|1629635||1629134,2730,1629635,203145,1628370|1610612747||ARC_3|3|1610612737|1610612747||||-54|237
||1630168,1628989,203991,203992,101150|1610612737|3FG_MISS|1|time|||false|1629635||1629134,2730,1629635,203145,1628370|1610612747||ARC_3|3|1610612737|1610612747||||-54|237
||1630168,1628989,203991,203992,101150|1610612737|OFFENSIVE_REBOUND|1|time|||false|||1629134,2730,1629635,203145,1628370|1610612747||||1610612737|1610612747||1|||
||1630168,1628989,203991,203992,101150|1610612737|2FG_ATTEMPT|1|time||false|false|1629134||1629134,2730,1629635,203145,1628370|1610612747||SHORT_MID_RANGE|2|1610612737|1610612747||||40|31
||1630168,1628989,203991,203992,101150|1610612737|2FG_MADE|1|time||false|false|1629134||1629134,2730,1629635,203145,1628370|1610612747||SHORT_MID_RANGE|2|1610612737|1610612747||2||40|31
||1629134,2730,1629635,203145,1628370|1610612747|3FG_ATTEMPT|1|time||false|false|1630168||1630168,1628989,203991,203992,101150|1610612737||ARC_3|3|1610612737|1610612747||||162|242
|1629134|1629134,2730,1629635,203145,1628370|1610612747|3FG_MADE_FOUL|1|time||false|false|1630168|1628989|1630168,1628989,203991,203992,101150|1610612737|2|ARC_3|3|1610612737|1610612747||3||162|242
||1629134,2730,1629635,203145,1628370|1610612747|FREE_THROW|1|time|||false|1630168||1630168,1628989,203991,203992,101150|1610612737||||1610612737|1610612747||1|||
||1630168,1628989,203991,203992,101150|1610612737|2FG_ATTEMPT|1|time||false|false|1628370||1629134,2730,1629635,203145,1628370|1610612747||AT_RIM|2|1610612737|1610612747||||0|0
||1630168,1628989,203991,203992,101150|1610612737|2FG_MISS|1|time|||false|1628370||1629134,2730,1629635,203145,1628370|1610612747||AT_RIM|2|1610612737|1610612747||||0|0
||1630168,1628989,203991,203992,101150|1610612737|OFFENSIVE_REBOUND|1|time|||false|||1629134,2730,1629635,203145,1628370|1610612747||||1610612737|1610612747||1|||
||1630168,1628989,203991,203992,101150|1610612737|2FG_ATTEMPT|1|time||true|false|1629134||1629134,2730,1629635,203145,1628370|1610612747||AT_RIM|2|1610612737|1610612747||||-1|16
||1630168,1628989,203991,203992,101150|1610612737|2FG_MADE|1|time||true|false|1629134||1629134,2730,1629635,203145,1628370|1610612747||AT_RIM|2|1610612737|1610612747||2||-1|16
||1629134,2730,1629635,203145,1628370|1610612747|2FG_ATTEMPT|1|time||false|false|203992||1630168,1628989,203991,203992,101150|1610612737||AT_RIM|2|1610612737|1610612747||||-5|0
||1629134,2730,1629635,203145,1628370|1610612747|2FG_MADE|1|time||false|false|203992|1630168|1630168,1628989,203991,203992,101150|1610612737||AT_RIM|2|1610612737|1610612747||2||-5|0
||1630168,1628989,203991,203992,101150|1610612737|2FG_ATTEMPT|1|time||false|false|1629134||1629134,2730,1629635,203145,1628370|1610612747||LONG_MID_RANGE|2|1610612737|1610612747||||11|138
||1630168,1628989,203991,203992,101150|1610612737|2FG_MISS|1|time|||false|1629134||1629134,2730,1629635,203145,1628370|1610612747||LONG_MID_RANGE|2|1610612737|1610612747||||11|138
||1630168,1628989,203991,203992,101150|1610612737|DEFENSIVE_REBOUND|1|time|||false|||1629134,2730,1629635,203145,1628370|1610612747||||1610612737|1610612747||1|||
||1629134,2730,1629635,203145,1628370|1610612747|2FG_ATTEMPT|1|time||false|false|101150||1630168,1628989,203991,203992,101150|1610612737||LONG_MID_RANGE|2|1610612737|1610612747||||208|147
||1629134,2730,1629635,203145,1628370|1610612747|2FG_MISS|1|time|||false|101150||1630168,1628989,203991,203992,101150|1610612737||LONG_MID_RANGE|2|1610612737|1610612747||||208|147
||1629134,2730,1629635,203145,1628370|1610612747|DEFENSIVE_REBOUND|1|time|||false|||1630168,1628989,203991,203992,101150|1610612737||||1610612737|1610612747||1|||
||1630168,1628989,203991,203992,101150|1610612737|2FG_ATTEMPT|1|time||true|false|203145||1629134,2730,1629635,203145,1628370|1610612747||SHORT_MID_RANGE|2|1610612737|1610612747||||-30|126
||1630168,1628989,203991,203992,101150|1610612737|2FG_MISS|1|time|||false|203145||1629134,2730,1629635,203145,1628370|1610612747||SHORT_MID_RANGE|2|1610612737|1610612747||||-30|126
||1630168,1628989,203991,203992,101150|1610612737|OFFENSIVE_REBOUND|1|time|||false|||1629134,2730,1629635,203145,1628370|1610612747||||1610612737|1610612747||1|||
||1630168,1628989,203991,203992,101150|1610612737|2FG_ATTEMPT|1|time||false|false|2730||1629134,2730,1629635,203145,1628370|1610612747||LONG_MID_RANGE|2|1610612737|1610612747||||64|133
||1630168,1628989,203991,203992,101150|1610612737|2FG_MADE|1|time||false|false|2730|1629635|1629134,2730,1629635,203145,1628370|1610612747||LONG_MID_RANGE|2|1610612737|1610612747||2||64|133
||1629134,2730,1629635,203145,1628370|1610612747|2FG_ATTEMPT|1|time||false|false|101150||1630168,1628989,203991,203992,101150|1610612737||LONG_MID_RANGE|2|1610612737|1610612747||||-29|101
||1629134,2730,1629635,203145,1628370|1610612747|2FG_MADE|1|time||false|false|101150||1630168,1628989,203991,203992,101150|1610612737||LONG_MID_RANGE|2|1610612737|1610612747||2||-29|101
||1630168,1628989,203991,203992,101150|1610612737|2FG_ATTEMPT|1|time||false|false|203145||1629134,2730,1629635,203145,1628370|1610612747||SHORT_MID_RANGE|2|1610612737|1610612747||||-101|52
||1630168,1628989,203991,203992,101150|1610612737|2FG_MISS|1|time|||false|203145||1629134,2730,1629635,203145,1628370|1610612747||SHORT_MID_RANGE|2|1610612737|1610612747||||-101|52
||1630168,1628989,203991,203992,101150|1610612737|OFFENSIVE_REBOUND|1|time|||false|||1629134,2730,1629635,203145,1628370|1610612747||||1610612737|1610612747||1|||
||1630168,1628989,203991,203992,101150|1610612737|TURNOVER|1|time|||false|1629635||1629134,2730,1629635,203145,1628370|1610612747||||1610612737|1610612747|LOST_BALL_OUT_OF_BOUNDS|1|||
||1629134,2730,1629635,203145,1628370|1610612747|2FG_ATTEMPT|1|time||true|false|203992||1630168,1628989,203991,203992,101150|1610612737||AT_RIM|2|1610612737|1610612747||||0|13
||1629134,2730,1629635,203145,1628370|1610612747|2FG_MADE|1|time||true|false|203992||1630168,1628989,203991,203992,101150|1610612737||AT_RIM|2|1610612737|1610612747||2||0|13
||1630168,1628989,203991,203992,101150|1610612737|3FG_ATTEMPT|1|time||false|false|2730||1629134,2730,1629635,203145,1628370|1610612747||ARC_3|3|1610612737|1610612747||||-210|103
||1630168,1628989,203991,203992,101150|1610612737|3FG_MISS|1|time|||false|2730||1629134,2730,1629635,203145,1628370|1610612747||ARC_3|3|1610612737|1610612747||||-210|103
|203991|1630168,1628989,203991,203992,101150|1610612737|DEFENSIVE_REBOUND|1|time|||false|||1629134,2730,1629635,203145,1628370|1610612747||||1610612737|1610612747||1|||
||1629134,2730,1629635,203145,1628370|1610612747|2FG_ATTEMPT|1|time||false|false|203992||1630168,1628989,203991,203992,101150|1610612737||LONG_MID_RANGE|2|1610612737|1610612747||||107|108
||1629134,2730,1629635,203145,1628370|1610612747|2FG_MISS|1|time|||false|203992||1630168,1628989,203991,203992,101150|1610612737||LONG_MID_RANGE|2|1610612737|1610612747||||107|108
|2730|1629134,2730,1629635,203145,1628370|1610612747|DEFENSIVE_REBOUND|1|time|||false|||1630168,1628989,203991,203992,101150|1610612737||||1610612737|1610612747||1|||
||1630168,1628989,203991,203992,101150|1610612737|2FG_ATTEMPT|1|time||false|false|1629635||1629134,2730,1629635,203145,1628370|1610612747||LONG_MID_RANGE|2|1610612737|1610612747||||0|85
||1630168,1628989,203991,203992,101150|1610612737|2FG_MADE|1|time||false|false|1629635||1629134,2730,1629635,203145,1628370|1610612747||LONG_MID_RANGE|2|1610612737|1610612747||2||0|85
||1629134,2730,1629635,203145,1628370|1610612747|2FG_ATTEMPT|1|time||false|false|1628989||1630168,1628989,203991,203992,101150|1610612737||SHORT_MID_RANGE|2|1610612737|1610612747||||68|21
||1629134,2730,1629635,203145,1628370|1610612747|2FG_MISS|1|time|||false|1628989||1630168,1628989,203991,203992,101150|1610612737||SHORT_MID_RANGE|2|1610612737|1610612747||||68|21
||1629134,2730,1629635,203145,1628370|1610612747|OFFENSIVE_REBOUND|1|time|||false|||1630168,1628989,203991,203992,101150|1610612737||||1610612737|1610612747||1|||
||1629134,2730,1629635,203145,1628370|1610612747|2FG_ATTEMPT|1|time||false|false|1630168||1630168,1628989,203991,203992,101150|1610612737||AT_RIM|2|1610612737|1610612747||||-20|7
||1629134,2730,1629635,203145,1628370|1610612747|2FG_MADE|1|time||false|false|1630168|1628989|1630168,1628989,203991,203992,101150|1610612737||AT_RIM|2|1610612737|1610612747||2||-20|7
||1630168,1628989,203991,203992,101150|1610612737|2FG_ATTEMPT|1|time||false|false|1629134||1629134,2730,1629635,203145,1628370|1610612747||AT_RIM|2|1610612737|1610612747||||3|0
||1630168,1628989,203991,203992,101150|1610612737|2FG_MADE|1|time||false|false|1629134||1629134,2730,1629635,203145,1628370|1610612747||AT_RIM|2|1610612737|1610612747||2||3|0
||1629134,2730,1629635,203145,1628370|1610612747|2FG_ATTEMPT|1|time||false|false|203992||1630168,1628989,203991,203992,101150|1610612737||SHORT_MID_RANGE|2|1610612737|1610612747||||105|102
||1629134,2730,1629635,203145,1628370|1610612747|2FG_MISS|1|time|||false|203992||1630168,1628989,203991,203992,101150|1610612737||SHORT_MID_RANGE|2|1610612737|1610612747||||105|102
||1629134,2730,1629635,203145,1628370|1610612747|DEFENSIVE_REBOUND|1|time|||false|||1630168,1628989,203991,203992,101150|1610612737||||1610612737|1610612747||1|||
||1630168,1628989,203991,203992,101150|1610612737|2FG_ATTEMPT|1|time||false|false|1628370||1629134,2730,1629635,203145,1628370|1610612747||SHORT_MID_RANGE|2|1610612737|1610612747||||-9|16
||1630168,1628989,203991,203992,101150|1610612737|2FG_MISS|1|time|||false|1628370||1629134,2730,1629635,203145,1628370|1610612747||SHORT_MID_RANGE|2|1610612737|1610612747||||-9|16
||1630168,1628989,203991,203992,101150|1610612737|DEFENSIVE_REBOUND|1|time|||false|||1629134,2730,1629635,203145,1628370|1610612747||||1610612737|1610612747||1|||
||1629134,2730,1629635,203145,1628370|1610612747|3FG_ATTEMPT|1|time||false|false|203992||1630168,1628989,203991,203992,101150|1610612737||CORNER_3|3|1610612737|1610612747||||-223|11
||1629134,2730,1629635,203145,1628370|1610612747|3FG_MISS|1|time|||false|203992||1630168,1628989,203991,203992,101150|1610612737||CORNER_3|3|1610612737|1610612747||||-223|11
|203145|1629134,2730,1629635,203145,1628370|1610612747|DEFENSIVE_REBOUND|1|time|||false|||1630168,1628989,203991,203992,101150|1610612737||||1610612737|1610612747||1|||
|1628989|1630168,1628989,203991,203992,101150|1610612737|STEAL|1|time|||false|1628370||1629134,2730,1629635,203145,1628370|1610612747||||1610612737|1610612747|BAD_PASS|1|||
||1629134,2730,1629635,203145,1628370|1610612747|2FG_ATTEMPT|1|time||false|false|1628989||1630168,1628989,203991,203992,101150|1610612737||SHORT_MID_RANGE|2|1610612737|1610612747||||85|73
||1629134,2730,1629635,203145,1628370|1610612747|2FG_MISS|1|time|||false|1628989||1630168,1628989,203991,203992,101150|1610612737||SHORT_MID_RANGE|2|1610612737|1610612747||||85|73
||1629134,2730,1629635,203145,1628370|1610612747|OFFENSIVE_REBOUND|1|time|||false|||1630168,1628989,203991,203992,101150|1610612737||||1610612737|1610612747||1|||
||1629134,2730,1629635,203145,1628370|1610612747|3FG_ATTEMPT|1|time||false|false|203991||1630168,1628989,203991,203992,101150|1610612737||ARC_3|3|1610612737|1610612747||||-152|200
||1629134,2730,1629635,203145,1628370|1610612747|3FG_MISS|1|time|||false|203991||1630168,1628989,203991,203992,101150|1610612737||ARC_3|3|1610612737|1610612747||||-152|200
|2730|1629134,2730,1629635,203145,1628370|1610612747|DEFENSIVE_REBOUND|1|time|||false|||1630168,1628989,203991,203992,101150|1610612737||||1610612737|1610612747||1|||
||1630168,1628989,203991,203992,101150|1610612737|TURNOVER|1|time|||false|1628370||1629134,2730,1629635,203145,1628370|1610612747||||1610612737|1610612747|BAD_PASS_OUT_OF_BOUNDS|1|||
||1629134,2730,1629635,203145,1628370|1610612747|3FG_ATTEMPT|1|time||false|false|1628989||1630168,1628989,203991,203992,101150|1610612737||ARC_3|3|1610612737|1610612747||||190|263
||1629134,2730,1629635,203145,1628370|1610612747|3FG_MADE|1|time||false|false|1628989||1630168,1628989,203991,203992,101150|1610612737||ARC_3|3|1610612737|1610612747||3||190|263
||1630168,1628989,203991,203992,101150|1610612737|3FG_ATTEMPT|1|time||false|false|1629134||1629134,2730,1629635,203145,1628370|1610612747||CORNER_3|3|1610612737|1610612747||||-231|-10
||1630168,1628989,203991,203992,101150|1610612737|3FG_MISS|1|time|||false|1629134||1629134,2730,1629635,203145,1628370|1610612747||CORNER_3|3|1610612737|1610612747||||-231|-10
||1630168,1628989,203991,203992,101150|1610612737|OFFENSIVE_REBOUND|1|time|||false|||1629134,2730,1629635,203145,1628370|1610612747||||1610612737|1610612747||1|||
||1630168,1628989,203991,203992,101150|1610612737|2FG_ATTEMPT|1|time||false|false|203145||1629134,2730,1629635,203145,1628370|1610612747||SHORT_MID_RANGE|2|1610612737|1610612747||||0|31
||1630168,1628989,203991,203992,101150|1610612737|2FG_MADE|1|time||false|false|203145|1629134|1629134,2730,1629635,203145,1628370|1610612747||SHORT_MID_RANGE|2|1610612737|1610612747||2||0|31
||1629134,2730,1629635,203145,1628370|1610612747|2FG_ATTEMPT|1|time||false|false|1628989||1630168,1628989,203991,203992,101150|1610612737||AT_RIM|2|1610612737|1610612747||||9|16
||1629134,2730,1629635,203145,1628370|1610612747|2FG_MISS|1|time|||false|1628989||1630168,1628989,203991,203992,101150|1610612737||AT_RIM|2|1610612737|1610612747||||9|16
||1629134,2730,1629635,203145,1628370|1610612747|OFFENSIVE_REBOUND|1|time|||false|||1630168,1628989,203991,203992,101150|1610612737||||1610612737|1610612747||1|||
||1629134,2730,1629635,203145,1628370|1610612747|2FG_ATTEMPT|1|time||false|false|203992||1630168,1628989,203991,203992,101150|1610612737||AT_RIM|2|1610612737|1610612747||||2|25
||1629134,2730,1629635,203145,1628370|1610612747|2FG_MADE|1|time||false|false|203992|1630168|1630168,1628989,203991,203992,101150|1610612737||AT_RIM|2|1610612737|1610612747||2||2|25
||1630168,1628989,203991,203992,101150|1610612737|2FG_ATTEMPT|1|time||false|false|1629635||1629134,2730,1629635,203145,1628370|1610612747||LONG_MID_RANGE|2|1610612737|1610612747||||148|-20
||1630168,1628989,203991,203992,101150|1610612737|2FG_MADE|1|time||false|false|1629635||1629134,2730,1629635,203145,1628370|1610612747||LONG_MID_RANGE|2|1610612737|1610612747||2||148|-20
||1630168,1628989,203991,203992,101150|1610612737|SEGMENT_END|1|time|||false|||1629134,2730,1629635,203145,1628370|1610612747|4|||1610612737|1610612747|||||
||1629134,2730,1629635,203145,1628370|1610612747|SEGMENT_START|1|time|||false|||1630168,1628989,203991,203992,101150|1610612737|4|||1610612737|1610612747|||||
||1629134,2730,1629635,203145,1628370|1610612747|2FG_ATTEMPT|1|time||false|false|203991||1630168,1628989,203991,203992,101150|1610612737||AT_RIM|2|1610612737|1610612747||||0|0
||1629134,2730,1629635,203145,1628370|1610612747|2FG_MISS|1|time|||false|203991||1630168,1628989,203991,203992,101150|1610612737||AT_RIM|2|1610612737|1610612747||||0|0
||1629134,2730,1629635,203145,1628370|1610612747|DEFENSIVE_REBOUND|1|time|||false|||1630168,1628989,203991,203992,101150|1610612737||||1610612737|1610612747||1|||
||1630168,1628989,203991,203992,101150|1610612737|2FG_ATTEMPT|1|time||false|false|1629635||1629134,2730,1629635,203145,1628370|1610612747||AT_RIM|2|1610612737|1610612747||||-22|0
||1630168,1628989,203991,203992,101150|1610612737|2FG_MISS|1|time|||false|1629635||1629134,2730,1629635,203145,1628370|1610612747||AT_RIM|2|1610612737|1610612747||||-22|0
|101150|1630168,1628989,203991,203992,101150|1610612737|2FG_BLOCK|1|time|||false|1629635||1629134,2730,1629635,203145,1628370|1610612747|||2|1610612737|1610612747||1|||
||1630168,1628989,203991,203992,101150|1610612737|OFFENSIVE_REBOUND|1|time|||false|||1629134,2730,1629635,203145,1628370|1610612747||||1610612737|1610612747||1|||
||1630168,1628989,203991,203992,101150|1610612737|TURNOVER|1|time|||false|1629134||1629134,2730,1629635,203145,1628370|1610612747||||1610612737|1610612747|BAD_PASS|1|||
||1629134,2730,1629635,203145,1628370|1610612747|TURNOVER|1|time|||false|101150||1630168,1628989,203991,203992,101150|1610612737||||1610612737|1610612747|TRAVEL|1|||
||1630168,1628989,203991,203992,101150|1610612737|2FG_ATTEMPT|1|time||false|false|2730||1629134,2730,1629635,203145,1628370|1610612747||AT_RIM|2|1610612737|1610612747||||6|8
||1630168,1628989,203991,203992,101150|1610612737|2FG_MISS|1|time|||false|2730||1629134,2730,1629635,203145,1628370|1610612747||AT_RIM|2|1610612737|1610612747||||6|8
|203991|1630168,1628989,203991,203992,101150|1610612737|2FG_BLOCK|1|time|||false|2730||1629134,2730,1629635,203145,1628370|1610612747|||2|1610612737|1610612747||1|||
||1630168,1628989,203991,203992,101150|1610612737|OFFENSIVE_REBOUND|1|time|||false|||1629134,2730,1629635,203145,1628370|1610612747||||1610612737|1610612747||1|||
||1630168,1628989,203991,203992,101150|1610612737|TURNOVER|1|time|||false|1628370||1629134,2730,1629635,203145,1628370|1610612747||||1610612737|1610612747|THREE_SECONDS_VIOLATION|1|||
||1629134,2730,1629635,203145,1628370|1610612747|TURNOVER|1|time|||false|203992||1630168,1628989,203991,203992,101150|1610612737||||1610612737|1610612747|STEP_OUT_OF_BOUNDS|1|||
||1630168,1628989,203991,203992,101150|1610612737|3FG_ATTEMPT|1|time||false|false|1629134||1629134,2730,1629635,203145,1628370|1610612747||ARC_3|3|1610612737|1610612747||||-131|263
||1630168,1628989,203991,203992,101150|1610612737|3FG_MADE|1|time||false|false|1629134|203145|1629134,2730,1629635,203145,1628370|1610612747||ARC_3|3|1610612737|1610612747||3||-131|263
||1629134,2730,1629635,203145,1628370|1610612747|2FG_ATTEMPT|1|time||false|false|1628989||1630168,1628989,203991,203992,101150|1610612737||SHORT_MID_RANGE|2|1610612737|1610612747||||93|55
||1629134,2730,1629635,203145,1628370|1610612747|2FG_MISS|1|time|||false|1628989||1630168,1628989,203991,203992,101150|1610612737||SHORT_MID_RANGE|2|1610612737|1610612747||||93|55
||1629134,2730,1629635,203145,1628370|1610612747|OFFENSIVE_REBOUND|1|time|||false|||1630168,1628989,203991,203992,101150|1610612737||||1610612737|1610612747||1|||
|1629134|1629134,2730,1629635,203145,1628370|1610612747|NON_SHOOTING_DEFENSIVE_FOUL|1|time|||false|101150||1630168,1628989,203991,203992,101150|1610612737|3|||1610612737|1610612747|||||
||1629134,2730,1629635,203145,1628370|1610612747|3FG_ATTEMPT|1|time||false|false|203992||1630168,1628989,203991,203992,101150|1610612737||ARC_3|3|1610612737|1610612747||||105|267
||1629134,2730,1629635,203145,1628370|1610612747|3FG_MISS|1|time|||false|203992||1630168,1628989,203991,203992,101150|1610612737||ARC_3|3|1610612737|1610612747||||105|267
||1629134,2730,1629635,203145,1628370|1610612747|OFFENSIVE_REBOUND|1|time|||false|||1630168,1628989,203991,203992,101150|1610612737||||1610612737|1610612747||1|||
||1629134,2730,1629635,203145,1628370|1610612747|2FG_ATTEMPT|1|time||false|false|1630168||1630168,1628989,203991,203992,101150|1610612737||LONG_MID_RANGE|2|1610612737|1610612747||||26|179
||1629134,2730,1629635,203145,1628370|1610612747|2FG_MISS|1|time|||false|1630168||1630168,1628989,203991,203992,101150|1610612737||LONG_MID_RANGE|2|1610612737|1610612747||||26|179
||1629134,2730,1629635,203145,1628370|1610612747|DEFENSIVE_REBOUND|1|time|||false|||1630168,1628989,203991,203992,101150|1610612737||||1610612737|1610612747||1|||
||1630168,1628989,203991,203992,101150|1610612737|3FG_ATTEMPT|1|time||false|false|2730||1629134,2730,1629635,203145,1628370|1610612747||ARC_3|3|1610612737|1610612747||||-48|248
||1630168,1628989,203991,203992,101150|1610612737|3FG_MISS|1|time|||false|2730||1629134,2730,1629635,203145,1628370|1610612747||ARC_3|3|1610612737|1610612747||||-48|248
||1630168,1628989,203991,203992,101150|1610612737|OFFENSIVE_REBOUND|1|time|||false|||1629134,2730,1629635,203145,1628370|1610612747||||1610612737|1610612747||1|||
||1630168,1628989,203991,203992,101150|1610612737|2FG_ATTEMPT|1|time||false|false|1629134||1629134,2730,1629635,203145,1628370|1610612747||LONG_MID_RANGE|2|1610612737|1610612747||||-154|153
||1630168,1628989,203991,203992,101150|1610612737|2FG_MISS|1|time|||false|1629134||1629134,2730,1629635,203145,1628370|1610612747||LONG_MID_RANGE|2|1610612737|1610612747||||-154|153
|1630168|1630168,1628989,203991,203992,101150|1610612737|DEFENSIVE_REBOUND|1|time|||false|||1629134,2730,1629635,203145,1628370|1610612747||||1610612737|1610612747||1|||
||1629134,2730,1629635,203145,1628370|1610612747|2FG_ATTEMPT|1|time||false|false|203991||1630168,1628989,203991,203992,101150|1610612737||LONG_MID_RANGE|2|1610612737|1610612747||||133|167
||1629134,2730,1629635,203145,1628370|1610612747|2FG_MADE|1|time||false|false|203991||1630168,1628989,203991,203992,101150|1610612737||LONG_MID_RANGE|2|1610612737|1610612747||2||133|167
||1630168,1628989,203991,203992,101150|1610612737|2FG_ATTEMPT|1|time||false|false|2730||1629134,2730,1629635,203145,1628370|1610612747||SHORT_MID_RANGE|2|1610612737|1610612747||||30|90
||1630168,1628989,203991,203992,101150|1610612737|2FG_MISS|1|time|||false|2730||1629134,2730,1629635,203145,1628370|1610612747||SHORT_MID_RANGE|2|1610612737|1610612747||||30|90
|1630168|1630168,1628989,203991,203992,101150|1610612737|DEFENSIVE_REBOUND|1|time|||false|||1629134,2730,1629635,203145,1628370|1610612747||||1610612737|1610612747||1|||
||1629134,2730,1629635,203145,1628370|1610612747|2FG_ATTEMPT|1|time||false|false|203991||1630168,1628989,203991,203992,101150|1610612737||SHORT_MID_RANGE|2|1610612737|1610612747||||9|10
||1629134,2730,1629635,203145,1628370|1610612747|2FG_MISS|1|time|||false|203991||1630168,1628989,203991,203992,101150|1610612737||SHORT_MID_RANGE|2|1610612737|1610612747||||9|10
||1629134,2730,1629635,203145,1628370|1610612747|DEFENSIVE_REBOUND|1|time|||false|||1630168,1628989,203991,203992,101150|1610612737||||1610612737|1610612747||1|||
||1630168,1628989,203991,203992,101150|1610612737|2FG_ATTEMPT|1|time||false|false|2730||1629134,2730,1629635,203145,1628370|1610612747||AT_RIM|2|1610612737|1610612747||||0|0
||1630168,1628989,203991,203992,101150|1610612737|2FG_MADE|1|time||false|false|2730||1629134,2730,1629635,203145,1628370|1610612747||AT_RIM|2|1610612737|1610612747||2||0|0
||1629134,2730,1629635,203145,1628370|1610612747|TURNOVER|1|time|||false|203991||1630168,1628989,203991,203992,101150|1610612737||||1610612737|1610612747|STEP_OUT_OF_BOUNDS|1|||
||1630168,1628989,203991,203992,101150|1610612737|TURNOVER|1|time|||false|1629635||1629134,2730,1629635,203145,1628370|1610612747||||1610612737|1610612747|LANE_VIOLATION|1|||
||1629134,2730,1629635,203145,1628370|1610612747|2FG_ATTEMPT|1|time||false|false|1628989||1630168,1628989,203991,203992,101150|1610612737||AT_RIM|2|1610612737|1610612747||||-20|-11
||1629134,2730,1629635,203145,1628370|1610612747|2FG_MADE|1|time||false|false|1628989||1630168,1628989,203991,203992,101150|1610612737||AT_RIM|2|1610612737|1610612747||2||-20|-11
||1630168,1628989,203991,203992,101150|1610612737|3FG_ATTEMPT|1|time||false|false|203145||1629134,2730,1629635,203145,1628370|1610612747||ARC_3|3|1610612737|1610612747||||-36|254
||1630168,1628989,203991,203992,101150|1610612737|3FG_MADE|1|time||false|false|203145|1628370|1629134,2730,1629635,203145,1628370|1610612747||ARC_3|3|1610612737|1610612747||3||-36|254
|1629635|1629134,2730,1629635,203145,1628370|1610612747|NON_SHOOTING_DEFENSIVE_FOUL|1|time|||false|203991||1630168,1628989,203991,203992,101150|1610612737|3|||1610612737|1610612747|||||
||1629134,2730,1629635,203145,1628370|1610612747|3FG_ATTEMPT|1|time||false|false|1628989||1630168,1628989,203991,203992,101150|1610612737||ARC_3|3|1610612737|1610612747||||-165|145
||1629134,2730,1629635,203145,1628370|1610612747|3FG_MISS|1|time|||false|1628989||1630168,1628989,203991,203992,101150|1610612737||ARC_3|3|1610612737|1610612747||||-165|145
|1628370|1629134,2730,1629635,203145,1628370|1610612747|DEFENSIVE_REBOUND|1|time|||false|||1630168,1628989,203991,203992,101150|1610612737||||1610612737|1610612747||1|||
||1630168,1628989,203991,203992,101150|1610612737|TURNOVER|1|time|||false|2730||1629134,2730,1629635,203145,1628370|1610612747||||1610612737|1610612747|OFFENSIVE_GOALTENDING|1|||
||1629134,2730,1629635,203145,1628370|1610612747|3FG_ATTEMPT|1|time||false|false|203992||1630168,1628989,203991,203992,101150|1610612737||ARC_3|3|1610612737|1610612747||||194|228
||1629134,2730,1629635,203145,1628370|1610612747|3FG_MISS|1|time|||false|203992||1630168,1628989,203991,203992,101150|1610612737||ARC_3|3|1610612737|1610612747||||194|228
||1629134,2730,1629635,203145,1628370|1610612747|OFFENSIVE_REBOUND|1|time|||false|||1630168,1628989,203991,203992,101150|1610612737||||1610612737|1610612747||1|||
||1629134,2730,1629635,203145,1628370|1610612747|2FG_ATTEMPT|1|time||false|false|1630168||1630168,1628989,203991,203992,101150|1610612737||AT_RIM|2|1610612737|1610612747||||0|0
||1629134,2730,1629635,203145,1628370|1610612747|2FG_MISS|1|time|||false|1630168||1630168,1628989,203991,203992,101150|1610612737||AT_RIM|2|1610612737|1610612747||||0|0
||1629134,2730,1629635,203145,1628370|1610612747|DEFENSIVE_REBOUND|1|time|||false|||1630168,1628989,203991,203992,101150|1610612737||||1610612737|1610612747||1|||
||1630168,1628989,203991,203992,101150|1610612737|3FG_ATTEMPT|1|time||false|false|1628370||1629134,2730,1629635,203145,1628370|1610612747||CORNER_3|3|1610612737|1610612747||||234|39
||1630168,1628989,203991,203992,101150|1610612737|3FG_MADE|1|time||false|false|1628370|2730|1629134,2730,1629635,203145,1628370|1610612747||CORNER_3|3|1610612737|1610612747||3||234|39
||1629134,2730,1629635,203145,1628370|1610612747|3FG_ATTEMPT|1|time||false|false|203991||1630168,1628989,203991,203992,101150|1610612737||CORNER_3|3|1610612737|1610612747||||-234|43
||1629134,2730,1629635,203145,1628370|1610612747|3FG_MISS|1|time|||false|203991||1630168,1628989,203991,203992,101150|1610612737||CORNER_3|3|1610612737|1610612747||||-234|43
|1628370|1629134,2730,1629635,203145,1628370|1610612747|DEFENSIVE_REBOUND|1|time|||false|||1630168,1628989,203991,203992,101150|1610612737||||1610612737|1610612747||1|||
||1630168,1628989,203991,203992,101150|1610612737|2FG_ATTEMPT|1|time||false|false|2730||1629134,2730,1629635,203145,1628370|1610612747||AT_RIM|2|1610612737|1610612747||||0|0
||1630168,1628989,203991,203992,101150|1610612737|2FG_MADE|1|time||false|false|2730|1628370|1629134,2730,1629635,203145,1628370|1610612747||AT_RIM|2|1610612737|1610612747||2||0|0
||1629134,2730,1629635,203145,1628370|1610612747|3FG_ATTEMPT|1|time||false|false|101150||1630168,1628989,203991,203992,101150|1610612737||ARC_3|3|1610612737|1610612747||||-121|248
||1629134,2730,1629635,203145,1628370|1610612747|3FG_MISS|1|time|||false|101150||1630168,1628989,203991,203992,101150|1610612737||ARC_3|3|1610612737|1610612747||||-121|248
||1629134,2730,1629635,203145,1628370|1610612747|OFFENSIVE_REBOUND|1|time|||false|||1630168,1628989,203991,203992,101150|1610612737||||1610612737|1610612747||1|||
||1629134,2730,1629635,203145,1628370|1610612747|2FG_ATTEMPT|1|time||false|false|101150||1630168,1628989,203991,203992,101150|1610612737||SHORT_MID_RANGE|2|1610612737|1610612747||||-52|119
||1629134,2730,1629635,203145,1628370|1610612747|2FG_MADE|1|time||false|false|101150||1630168,1628989,203991,203992,101150|1610612737||SHORT_MID_RANGE|2|1610612737|1610612747||2||-52|119
||1630168,1628989,203991,203992,101150|1610612737|2FG_ATTEMPT|1|time||false|false|1629635||1629134,2730,1629635,203145,1628370|1610612747||LONG_MID_RANGE|2|1610612737|1610612747||||164|153
||1630168,1628989,203991,203992,101150|1610612737|2FG_MISS|1|time|||false|1629635||1629134,2730,1629635,203145,1628370|1610612747||LONG_MID_RANGE|2|1610612737|1610612747||||164|153
||1630168,1628989,203991,203992,101150|1610612737|OFFENSIVE_REBOUND|1|time|||false|||1629134,2730,1629635,203145,1628370|1610612747||||1610612737|1610612747||1|||
||1630168,1628989,203991,203992,101150|1610612737|2FG_ATTEMPT|1|time||false|false|1629635||1629134,2730,1629635,203145,1628370|1610612747||AT_RIM|2|1610612737|1610612747||||-16|17
||1630168,1628989,203991,203992,101150|1610612737|2FG_MADE|1|time||false|false|1629635|2730|1629134,2730,1629635,203145,1628370|1610612747||AT_RIM|2|1610612737|1610612747||2||-16|17
||1629134,2730,1629635,203145,1628370|1610612747|2FG_ATTEMPT|1|time||true|false|1630168||1630168,1628989,203991,203992,101150|1610612737||AT_RIM|2|1610612737|1610612747||||3|0
||1629134,2730,1629635,203145,1628370|1610612747|2FG_MISS|1|time|||false|1630168||1630168,1628989,203991,203992,101150|1610612737||AT_RIM|2|1610612737|1610612747||||3|0
|1628370|1629134,2730,1629635,203145,1628370|1610612747|DEFENSIVE_REBOUND|1|time|||false|||1630168,1628989,203991,203992,101150|1610612737||||1610612737|1610612747||1|||
||1630168,1628989,203991,203992,101150|1610612737|2FG_ATTEMPT|1|time||false|false|1629635||1629134,2730,1629635,203145,1628370|1610612747||AT_RIM|2|1610612737|1610612747||||5|6
||1630168,1628989,203991,203992,101150|1610612737|2FG_MISS|1|time|||false|1629635||1629134,2730,1629635,203145,1628370|1610612747||AT_RIM|2|1610612737|1610612747||||5|6
||1630168,1628989,203991,203992,101150|1610612737|OFFENSIVE_REBOUND|1|time|||false|||1629134,2730,1629635,203145,1628370|1610612747||||1610612737|1610612747||1|||
||1630168,1628989,203991,203992,101150|1610612737|3FG_ATTEMPT|1|time||false|false|1629635||1629134,2730,1629635,203145,1628370|1610612747||ARC_3|3|1610612737|1610612747||||-97|195
||1630168,1628989,203991,203992,101150|1610612737|3FG_MISS|1|time|||false|1629635||1629134,2730,1629635,203145,1628370|1610612747||ARC_3|3|1610612737|1610612747||||-97|195
||1630168,1628989,203991,203992,101150|1610612737|OFFENSIVE_REBOUND|1|time|||false|||1629134,2730,1629635,203145,1628370|1610612747||||1610612737|1610612747||1|||
||1630168,1628989,203991,203992,101150|1610612737|2FG_ATTEMPT|1|time||false|false|2730||1629134,2730,1629635,203145,1628370|1610612747||SHORT_MID_RANGE|2|1610612737|1610612747||||11|115
||1630168,1628989,203991,203992,101150|1610612737|2FG_MISS|1|time|||false|2730||1629134,2730,1629635,203145,1628370|1610612747||SHORT_MID_RANGE|2|1610612737|1610612747||||11|115
||1630168,1628989,203991,203992,101150|1610612737|DEFENSIVE_REBOUND|1|time|||false|||1629134,2730,1629635,203145,1628370|1610612747||||1610612737|1610612747||1|||
||1629134,2730,1629635,203145,1628370|1610612747|2FG_ATTEMPT|1|time||false|false|203991||1630168,1628989,203991,203992,101150|1610612737||LONG_MID_RANGE|2|1610612737|1610612747||||168|131
||1629134,2730,1629635,203145,1628370|1610612747|2FG_MADE|1|time||false|false|203991|1630168|1630168,1628989,203991,203992,101150|1610612737||LONG_MID_RANGE|2|1610612737|1610612747||2||168|131
|203991|1630168,1628989,203991,203992,101150|1610612737|NON_SHOOTING_DEFENSIVE_FOUL|1|time|||false|1629635||1629134,2730,1629635,203145,1628370|1610612747|3|||1610612737|1610612747|||||
||1630168,1628989,203991,203992,101150|1610612737|3FG_ATTEMPT|1|time||false|false|203145||1629134,2730,1629635,203145,1628370|1610612747||ARC_3|3|1610612737|1610612747||||-159|125
||1630168,1628989,203991,203992,101150|1610612737|3FG_MISS|1|time|||false|203145||1629134,2730,1629635,203145,1628370|1610612747||ARC_3|3|1610612737|1610612747||||-159|125
||1630168,1628989,203991,203992,101150|1610612737|OFFENSIVE_REBOUND|1|time|||false|||1629134,2730,1629635,203145,1628370|1610612747||||1610612737|1610612747||1|||
||1630168,1628989,203991,203992,101150|1610612737|TURNOVER|1|time|||false|2730||1629134,2730,1629635,203145,1628370|1610612747||||1610612737|1610612747|LANE_VIOLATION|1|||
||1629134,2730,1629635,203145,1628370|1610612747|2FG_ATTEMPT|1|time||false|false|203991||1630168,1628989,203991,203992,101150|1610612737||AT_RIM|2|1610612737|1610612747||||-22|39
||1629134,2730,1629635,203145,1628370|1610612747|2FG_MADE|1|time||false|false|203991|1628989|1630168,1628989,203991,203992,101150|1610612737||AT_RIM|2|1610612737|1610612747||2||-22|39
||1630168,1628989,203991,203992,101150|1610612737|2FG_ATTEMPT|1|time||false|false|1628370||1629134,2730,1629635,203145,1628370|1610612747||SHORT_MID_RANGE|2|1610612737|1610612747||||-33|65
||1630168,1628989,203991,203992,101150|1610612737|2FG_MISS|1|time|||false|1628370||1629134,2730,1629635,203145,1628370|1610612747||SHORT_MID_RANGE|2|1610612737|1610612747||||-33|65
||1630168,1628989,203991,203992,101150|1610612737|OFFENSIVE_REBOUND|1|time|||false|||1629134,2730,1629635,203145,1628370|1610612747||||1610612737|1610612747||1|||
||1630168,1628989,203991,203992,101150|1610612737|TURNOVER|1|time|||false|203145||1629134,2730,1629635,203145,1628370|1610612747||||1610612737|1610612747|THREE_SECONDS_VIOLATION|1|||
|1629134|1629134,2730,1629635,203145,1628370|1610612747|NON_SHOOTING_DEFENSIVE_FOUL|1|time|||false|1628989||1630168,1628989,203991,203992,101150|1610612737|3|||1610612737|1610612747|||||
||1629134,2730,1629635,203145,1628370|1610612747|2FG_ATTEMPT|1|time||true|false|203991||1630168,1628989,203991,203992,101150|1610612737||AT_RIM|2|1610612737|1610612747||||-1|31
||1629134,2730,1629635,203145,1628370|1610612747|2FG_MADE|1|time||true|false|203991||1630168,1628989,203991,203992,101150|1610612737||AT_RIM|2|1610612737|1610612747||2||-1|31
||1630168,1628989,203991,203992,101150|1610612737|3FG_ATTEMPT|1|time||false|false|1629134||1629134,2730,1629635,203145,1628370|1610612747||ARC_3|3|1610612737|1610612747||||-158|188
||1630168,1628989,203991,203992,101150|1610612737|3FG_MISS|1|time|||false|1629134||1629134,2730,1629635,203145,1628370|1610612747||ARC_3|3|1610612737|1610612747||||-158|188
|203991|1630168,1628989,203991,203992,101150|1610612737|DEFENSIVE_REBOUND|1|time|||false|||1629134,2730,1629635,203145,1628370|1610612747||||1610612737|1610612747||1|||
||1629134,2730,1629635,203145,1628370|1610612747|2FG_ATTEMPT|1|time||false|false|1630168||1630168,1628989,203991,203992,101150|1610612737||SHORT_MID_RANGE|2|1610612737|1610612747||||-32|31
||1629134,2730,1629635,203145,1628370|1610612747|2FG_MISS|1|time|||false|1630168||1630168,1628989,203991,203992,101150|1610612737||SHORT_MID_RANGE|2|1610612737|1610612747||||-32|31
||1629134,2730,1629635,203145,1628370|1610612747|OFFENSIVE_REBOUND|1|time|||false|||1630168,1628989,203991,203992,101150|1610612737||||1610612737|1610612747||1|||
||1629134,2730,1629635,203145,1628370|1610612747|2FG_ATTEMPT|1|time||false|false|203992||1630168,1628989,203991,203992,101150|1610612737||AT_RIM|2|1610612737|1610612747||||1|9
||1629134,2730,1629635,203145,1628370|1610612747|2FG_MADE|1|time||false|false|203992|203991|1630168,1628989,203991,203992,101150|1610612737||AT_RIM|2|1610612737|1610612747||2||1|9
||1630168,1628989,203991,203992,101150|1610612737|2FG_ATTEMPT|1|time||false|false|2730||1629134,2730,1629635,203145,1628370|1610612747||SHORT_MID_RANGE|2|1610612737|1610612747||||-77|41
||1630168,1628989,203991,203992,101150|1610612737|2FG_MISS|1|time|||false|2730||1629134,2730,1629635,203145,1628370|1610612747||SHORT_MID_RANGE|2|1610612737|1610612747||||-77|41
||1630168,1628989,203991,203992,101150|1610612737|OFFENSIVE_REBOUND|1|time|||false|||1629134,2730,1629635,203145,1628370|1610612747||||1610612737|1610612747||1|||
||1630168,1628989,203991,203992,101150|1610612737|2FG_ATTEMPT|1|time||false|false|203145||1629134,2730,1629635,203145,1628370|1610612747||SHORT_MID_RANGE|2|1610612737|1610612747||||81|34
||1630168,1628989,203991,203992,101150|1610612737|2FG_MISS|1|time|||false|203145||1629134,2730,1629635,203145,1628370|1610612747||SHORT_MID_RANGE|2|1610612737|1610612747||||81|34
||1630168,1628989,203991,203992,101150|1610612737|DEFENSIVE_REBOUND|1|time|||false|||1629134,2730,1629635,203145,1628370|1610612747||||1610612737|1610612747||1|||
||1629134,2730,1629635,203145,1628370|1610612747|2FG_ATTEMPT|1|time||false|false|203992||1630168,1628989,203991,203992,101150|1610612737||SHORT_MID_RANGE|2|1610612737|1610612747||||6|29
||1629134,2730,1629635,203145,1628370|1610612747|2FG_MADE|1|time||false|false|203992|1630168|1630168,1628989,203991,203992,101150|1610612737||SHORT_MID_RANGE|2|1610612737|1610612747||2||6|29
|101150|1630168,1628989,203991,203992,101150|1610612737|NON_SHOOTING_DEFENSIVE_FOUL|1|time|||false|1629635||1629134,2730,1629635,203145,1628370|1610612747|3|||1610612737|1610612747|||||
|203992|1630168,1628989,203991,203992,101150|1610612737|NON_SHOOTING_DEFENSIVE_FOUL|1|time|||false|1629635||1629134,2730,1629635,203145,1628370|1610612747|3|||1610612737|1610612747|||||
||1630168,1628989,203991,203992,101150|1610612737|3FG_ATTEMPT|1|time||false|false|1629635||1629134,2730,1629635,203145,1628370|1610612747||ARC_3|3|1610612737|1610612747||||-192|227
||1630168,1628989,203991,203992,101150|1610612737|3FG_MADE|1|time||false|false|1629635|203145|1629134,2730,1629635,203145,1628370|1610612747||ARC_3|3|1610612737|1610612747||3||-192|227
||1629134,2730,1629635,203145,1628370|1610612747|2FG_ATTEMPT|1|time||false|false|1628989||1630168,1628989,203991,203992,101150|1610612737||SHORT_MID_RANGE|2|1610612737|1610612747||||-137|51
||1629134,2730,1629635,203145,1628370|1610612747|2FG_MISS|1|time|||false|1628989||1630168,1628989,203991,203992,101150|1610612737||SHORT_MID_RANGE|2|1610612737|1610612747||||-137|51
|1629134|1629134,2730,1629635,203145,1628370|1610612747|DEFENSIVE_REBOUND|1|time|||false|||1630168,1628989,203991,203992,101150|1610612737||||1610612737|1610612747||1|||
||1630168,1628989,203991,203992,101150|1610612737|GAME_END|1|time|||false|||1629134,2730,1629635,203145,1628370|1610612747||||1610612737|1610612747|||||
